70
1000
122 68 121 48 69 25 20 4 101 19 44 78 1 132 136 79 19 64 19 89 45 27 104 15 36 99 87 22 62 21 51 2 82 96 35 37 10 101 98 40 5 107 67 126 67 66 109 129 140 70 29 49 77 87 28 104 133 75 4 96 61 126 101 42 21 18 139 1 118 58 
7 17
67 68
59 64
26 39
28 58
28 67
8 9
9 63
8 18
29 50
6 48
11 23
40 59
29 68
40 68
44 47
2 41
3 6
33 56
10 54
44 56
25 52
3 15
14 15
22 28
10 63
32 60
43 60
22 37
3 24
43 69
35 65
24 65
3 42
15 16
47 48
55 61
18 21
47 66
5 69
9 67
21 32
6 43
40 45
29 45
40 54
6 52
29 54
40 63
62 69
25 29
25 38
10 58
51 59
2 54
14 19
22 32
32 64
35 60
24 60
3 37
16 56
1 67
28 39
47 52
7 16
5 46
28 48
47 61
36 61
59 63
17 57
5 64
6 29
58 67
9 62
29 40
6 38
48 53
21 45
40 58
6 65
10 26
2 22
25 33
31 67
10 44
3 5
3 14
43 50
51 63
22 27
43 59
3 23
14 23
1 53
13 55
43 68
24 55
16 51
1 62
17 25
36 47
5 41
17 43
17 52
28 52
28 61
6 24
5 59
9 57
5 68
29 35
9 66
50 67
42 63
21 40
2 8
54 55
2 17
10 30
54 64
20 62
25 28
23 58
2 26
2 35
32 36
12 67
23 67
13 32
32 45
43 45
51 58
3 18
43 54
51 67
1 48
16 37
32 54
17 20
1 66
24 68
35 68
16 64
5 27
9 25
5 36
28 38
9 34
5 45
6 10
17 47
17 56
50 53
29 30
6 28
27 60
42 58
21 35
27 69
39 43
20 39
2 3
10 16
2 12
10 25
2 21
31 57
54 59
54 68
4 49
12 62
13 27
24 36
43 49
32 49
16 32
13 45
1 43
32 58
16 41
43 58
13 54
24 63
13 63
9 11
5 22
36 37
57 69
28 33
5 31
49 65
9 29
38 65
5 40
9 38
6 14
30 60
0 56
8 69
31 34
19 69
10 11
12 39
31 52
2 16
12 48
31 61
4 44
12 57
13 22
4 53
12 66
64 67
23 66
4 62
16 27
1 38
24 40
16 36
13 49
16 45
5 8
1 56
35 58
49 51
9 15
9 24
9 33
49 69
5 44
7 63
27 41
6 18
27 50
19 46
50 61
42 57
19 55
8 55
8 64
42 66
11 60
0 60
20 38
23 34
2 11
4 30
31 47
12 43
12 52
23 52
4 48
23 61
53 62
1 24
4 57
16 22
32 39
4 66
16 31
56 67
1 42
35 44
37 63
16 40
46 50
5 12
9 10
15 53
49 55
5 30
49 64
9 28
5 39
7 58
26 62
38 64
27 36
6 13
19 32
27 45
8 41
42 43
27 54
0 37
50 56
42 52
11 46
0 46
11 55
30 68
8 68
39 46
12 29
0 64
20 42
4 25
23 29
31 51
23 47
1 10
12 56
1 19
34 53
13 30
22 69
1 46
14 65
46 54
5 16
65 67
26 48
49 50
5 25
26 57
7 53
15 66
26 66
49 68
8 36
19 36
0 32
19 45
30 45
8 54
0 50
19 63
20 28
23 24
31 37
34 39
1 14
4 47
34 48
45 48
53 61
37 44
45 57
56 57
1 32
3 51
37 53
16 30
45 66
22 64
37 62
3 60
14 60
3 69
15 34
46 49
38 45
18 39
26 52
38 54
49 54
18 48
8 13
26 61
7 57
18 57
8 22
19 22
7 66
19 31
18 66
27 44
30 40
0 36
8 49
19 49
20 23
41 55
31 32
4 15
20 32
23 28
33 51
52 64
41 64
44 60
25 56
4 33
1 9
25 65
34 43
22 50
53 65
45 61
37 57
15 20
3 64
5 6
7 25
18 25
38 40
26 38
7 34
38 49
26 47
26 56
26 65
27 30
0 13
19 26
48 62
27 39
11 22
40 67
11 31
30 44
21 63
8 44
11 40
11 49
12 14
41 50
60 63
4 10
44 46
52 59
41 59
4 19
52 68
25 51
44 64
33 64
10 62
2 58
1 4
25 60
22 36
25 69
3 32
1 13
22 45
34 47
45 47
37 43
3 50
3 59
37 61
7 20
3 68
15 33
59 67
15 42
7 38
26 51
18 47
7 56
8 21
19 21
6 60
63 64
0 26
0 35
6 69
4 5
33 41
52 54
25 37
60 67
44 50
33 50
41 63
25 46
10 48
10 57
2 44
44 59
2 53
10 66
44 68
2 62
14 27
3 36
37 38
22 49
3 45
37 47
22 58
37 56
14 54
3 63
14 63
59 62
47 69
7 33
28 65
18 42
29 39
0 12
40 48
21 44
0 21
21 53
40 66
63 68
21 62
33 36
41 49
25 32
10 43
4 9
41 58
33 45
2 39
10 52
3 13
44 63
10 61
25 59
14 22
34 37
2 66
14 31
32 67
14 49
36 46
7 10
18 19
47 55
17 51
18 28
36 64
17 60
7 37
28 69
5 67
9 65
8 11
29 43
40 43
48 56
0 7
40 52
29 52
21 48
29 61
6 68
21 66
25 27
10 38
25 36
2 34
33 49
2 43
10 56
32 53
51 66
32 62
43 62
14 35
24 67
35 67
13 67
16 63
15 18
47 50
7 14
17 46
18 23
9 42
47 68
36 68
9 60
21 25
9 69
40 47
29 56
21 52
21 61
10 24
33 35
39 69
54 67
20 65
2 29
25 40
10 51
22 25
2 56
3 30
32 66
14 30
13 62
35 62
66 68
1 69
17 32
7 9
36 45
17 41
36 63
47 63
28 59
9 55
17 68
58 69
29 33
29 42
29 51
10 19
39 55
62 66
25 26
31 60
10 37
31 69
32 34
2 42
51 56
43 52
35 48
24 48
13 48
13 57
1 55
35 57
17 18
35 66
16 62
36 40
9 23
17 36
28 36
36 49
9 32
47 49
17 45
6 8
9 41
5 52
9 50
28 63
6 26
9 59
21 24
6 35
21 33
6 44
39 59
12 51
12 60
13 25
4 56
13 34
4 65
1 41
24 43
16 39
13 52
1 59
13 61
24 61
16 66
28 31
57 67
36 44
28 40
17 40
5 47
6 12
5 56
58 59
9 54
58 68
50 64
21 28
8 58
42 60
19 67
42 69
11 63
10 18
20 50
20 59
54 61
2 23
23 55
31 68
12 64
1 27
32 42
13 38
24 38
35 38
32 51
13 47
1 45
35 47
16 43
24 56
35 56
65 66
9 13
57 62
46 62
36 39
9 22
5 33
28 35
9 31
5 42
9 40
5 51
6 16
27 48
58 63
50 59
30 53
50 68
0 49
27 66
8 62
19 62
11 67
10 13
23 32
2 9
39 58
12 41
20 54
23 50
13 15
12 59
1 22
32 37
43 46
32 46
34 65
35 42
1 40
24 42
1 49
24 51
5 10
1 58
17 21
49 53
57 66
9 26
38 62
9 35
26 69
27 34
30 39
19 39
27 52
19 48
42 50
8 48
11 44
30 48
8 57
20 22
27 61
11 53
30 66
11 62
0 62
12 27
20 40
2 4
39 53
23 36
23 27
20 49
4 32
20 58
4 41
1 17
53 55
4 50
23 63
53 64
24 28
45 60
1 35
13 37
56 69
34 69
1 44
22 67
16 33
45 69
38 39
38 48
49 57
15 55
38 57
7 51
5 32
15 64
38 66
7 60
8 34
27 47
8 43
27 56
11 39
0 39
42 54
19 52
0 48
12 13
8 61
30 61
20 26
19 61
20 35
11 66
0 66
12 31
31 44
4 36
23 49
1 12
12 49
34 46
45 46
53 59
4 54
34 55
45 55
16 28
45 64
3 58
14 67
3 67
46 47
5 9
26 41
15 41
5 18
46 56
26 50
9 16
38 52
7 46
49 61
18 55
26 68
7 64
8 29
11 25
8 38
19 38
11 34
19 47
0 43
11 52
52 53
12 17
60 66
11 61
31 39
4 31
23 44
53 54
13 18
34 50
53 63
1 25
56 59
22 57
34 59
14 53
34 68
22 66
14 62
26 27
37 64
15 36
46 51
5 13
38 47
15 45
7 50
0 11
18 59
48 60
8 24
19 24
11 20
18 68
8 33
27 46
30 42
0 38
11 38
19 51
11 47
41 48
20 25
60 61
41 57
12 30
41 66
25 49
33 62
25 58
10 69
34 36
22 34
1 11
25 67
22 43
34 45
53 58
45 54
3 48
34 63
14 57
37 59
3 57
26 31
7 36
26 49
18 45
7 45
48 55
11 15
0 15
8 28
0 24
40 60
19 37
21 56
8 37
40 69
21 65
11 42
12 16
10 46
44 48
52 61
25 44
4 12
4 21
33 57
25 53
33 66
10 64
22 38
14 34
3 34
22 47
45 49
3 43
45 58
14 52
55 62
15 26
7 22
18 22
7 31
18 31
15 44
26 44
7 40
8 14
9 68
29 46
0 10
8 23
19 23
29 55
6 53
29 64
63 66
0 28
21 69
33 34
25 30
4 7
25 39
33 52
14 47
25 48
44 61
10 59
33 61
2 55
3 20
10 68
14 20
2 64
3 29
25 66
34 44
14 38
3 38
22 51
3 47
7 8
14 56
