40
200
60 31 25 14 48 59 64 40 78 37 1 56 4 24 25 23 34 74 11 11 6 71 60 77 70 48 76 29 14 59 20 51 52 80 49 10 6 12 7 73 
15 21
6 18
26 30
7 26
15 39
26 39
16 38
7 35
20 29
12 25
20 38
8 18
21 37
17 21
0 14
14 31
2 11
5 28
11 14
4 30
9 35
27 34
7 10
1 24
6 20
30 39
10 36
1 33
25 34
16 31
3 6
18 37
12 18
14 15
3 15
8 11
23 27
11 16
9 28
1 8
5 39
13 19
13 28
25 27
10 38
7 21
18 30
7 30
3 8
3 17
29 36
5 14
9 12
23 38
3 35
15 18
8 34
13 30
0 30
1 37
16 35
0 2
31 35
20 35
6 36
14 28
5 25
3 37
1 12
19 27
28 39
2 20
33 35
1 30
30 36
1 39
3 12
22 25
12 24
20 37
4 20
21 36
14 30
1 5
4 38
8 20
13 16
1 14
7 9
11 25
8 38
6 31
18 39
1 7
10 19
10 28
11 36
2 33
13 39
26 36
3 16
31 32
4 15
24 39
23 28
14 25
12 28
4 24
14 16
12 37
27 28
5 34
28 36
8 33
2 17
0 29
2 26
6 17
32 36
26 29
5 6
3 18
14 18
7 34
0 4
8 17
11 13
17 29
1 20
10 32
0 31
2 37
32 38
12 14
12 23
7 36
17 22
8 19
22 36
10 16
0 15
11 15
5 29
2 12
10 25
2 21
11 33
3 4
13 36
35 36
1 34
24 36
7 29
4 12
6 39
22 38
9 20
0 17
5 31
28 33
2 14
0 26
9 38
32 33
1 27
24 29
15 26
13 38
24 38
25 37
26 35
4 14
22 31
10 11
3 27
5 24
11 19
17 35
2 16
11 28
6 7
6 16
13 31
26 28
6 25
24 31
4 7
1 38
15 37
16 36
22 24
3 20
5 17
20 36
22 33
11 12
5 26
14 38
11 21
13 24
