40
500
18 57 19 53 57 74 60 9 4 38 52 67 7 53 59 17 62 17 21 65 8 24 75 39 69 63 12 42 77 41 52 26 26 59 28 13 64 10 76 77 
26 30
15 30
7 26
26 39
15 39
7 35
18 35
29 32
0 5
21 37
11 23
25 34
14 15
3 15
22 28
14 24
22 37
14 33
3 33
15 16
15 25
18 21
7 21
7 30
18 30
6 34
29 36
21 32
0 9
10 22
10 31
2 36
3 10
22 23
14 19
3 19
14 37
3 37
17 39
6 29
21 27
6 38
10 17
2 13
10 26
33 37
10 35
2 31
25 33
3 5
3 23
14 32
17 25
36 38
28 34
7 11
9 30
6 15
6 24
21 22
29 35
6 33
21 31
10 12
2 8
10 21
2 17
10 30
10 39
2 35
32 36
24 32
13 32
14 18
5 27
28 29
5 36
28 38
29 30
6 28
21 26
21 35
20 39
10 16
2 12
10 25
2 30
3 4
24 36
35 36
1 34
16 32
9 11
36 37
9 20
28 33
5 31
9 29
6 14
6 32
21 30
20 34
10 11
2 7
23 39
2 16
32 35
16 18
24 31
1 29
1 38
17 19
5 17
9 15
9 24
5 35
9 33
6 18
20 29
23 25
12 25
20 38
23 34
2 11
4 30
13 17
1 15
24 26
13 26
32 39
16 22
1 24
24 35
16 31
5 12
9 10
17 23
9 19
5 30
6 13
8 32
11 37
0 37
20 33
31 33
12 29
4 25
4 34
1 10
1 19
13 21
1 28
16 26
16 35
5 7
5 16
5 25
27 31
30 36
8 36
11 32
12 15
4 11
12 24
23 24
20 37
4 20
12 33
4 29
1 5
4 38
34 39
1 14
13 16
1 32
26 34
5 11
7 39
18 39
8 13
8 22
19 22
27 35
11 18
0 18
8 31
19 31
30 31
11 27
0 27
0 36
11 36
4 6
12 19
20 32
4 15
12 28
23 28
4 24
12 37
23 37
1 9
26 29
15 29
5 6
7 25
15 38
26 38
7 34
18 34
8 17
27 30
0 13
8 26
27 39
30 35
8 35
11 31
0 31
12 14
4 19
1 4
22 36
34 38
3 32
15 24
18 20
7 20
26 33
7 29
18 38
7 38
8 12
8 21
11 17
11 26
11 35
0 35
25 37
4 14
14 27
3 27
14 36
37 38
3 36
15 19
7 15
7 24
18 24
15 37
26 37
18 33
7 33
29 39
8 16
11 12
11 21
0 21
11 30
33 36
25 32
2 39
3 13
22 26
14 22
3 22
34 37
22 35
15 23
7 19
18 19
15 32
7 28
18 37
29 34
8 11
11 16
0 16
25 27
25 36
22 30
3 26
14 35
15 18
7 14
18 23
7 23
6 27
21 25
29 38
6 36
21 34
10 15
10 24
10 33
25 31
2 38
3 21
14 21
3 30
17 32
28 32
6 22
6 31
21 29
2 6
10 19
25 26
2 24
10 37
25 35
32 34
3 7
35 39
13 39
3 16
14 25
3 25
17 18
9 23
5 34
17 36
9 32
6 17
6 26
21 24
6 35
29 37
21 33
10 14
2 10
2 19
10 32
13 25
2 37
32 38
13 34
16 39
17 22
5 20
28 31
17 31
9 27
5 38
9 36
6 12
6 21
6 30
10 18
2 14
2 23
13 20
32 33
13 29
16 25
35 38
1 36
16 34
9 13
5 24
17 26
28 35
17 35
5 33
9 31
6 7
6 16
21 23
20 27
31 36
12 32
2 9
4 37
1 22
32 37
16 20
16 29
5 10
28 30
5 28
17 30
9 26
9 35
27 34
6 20
8 39
30 39
19 39
20 31
12 27
23 27
4 23
12 36
4 32
1 8
13 19
24 28
16 24
13 37
35 37
24 37
16 33
5 14
5 23
9 21
5 32
8 25
27 38
19 34
30 34
0 30
0 39
20 26
20 35
31 35
4 18
12 31
23 31
13 14
1 12
13 23
1 21
16 19
1 30
5 9
5 18
9 16
8 29
11 25
30 38
8 38
0 34
20 30
4 31
1 7
1 16
1 25
16 23
26 27
26 36
5 13
18 32
7 32
8 15
0 11
8 24
0 20
11 20
8 33
19 33
11 38
4 8
12 21
12 30
23 30
34 36
22 34
1 11
14 39
15 22
15 31
18 27
7 27
18 36
7 36
8 19
11 15
0 15
8 28
11 24
0 24
19 37
8 37
0 33
4 12
4 21
22 29
22 38
3 34
14 34
15 17
7 13
15 35
26 35
7 31
8 14
8 23
19 23
11 28
0 28
33 34
4 7
25 39
4 16
22 24
3 20
22 33
14 29
3 29
7 8
