35
100
36 66 32 62 46 62 13 3 3 69 44 65 33 27 41 8 69 27 49 45 39 4 50 38 10 60 34 36 64 34 4 28 31 43 44 
16 20
1 31
5 10
12 25
11 14
0 14
6 11
13 26
26 32
12 18
22 28
8 11
5 21
8 32
24 28
20 33
31 33
3 26
5 32
27 29
13 21
19 34
1 28
24 30
5 7
22 23
0 2
14 19
12 31
1 3
13 14
8 27
10 24
2 20
16 19
25 31
6 29
20 28
14 21
12 33
19 20
17 32
7 9
0 25
1 32
16 30
21 29
8 13
2 6
8 22
28 34
10 28
11 27
25 26
16 23
6 15
4 6
14 16
12 28
8 33
2 26
6 17
13 32
5 6
14 18
1 2
19 26
6 10
13 34
21 26
4 19
0 6
9 18
2 12
0 24
2 21
0 33
6 21
7 20
18 29
7 29
4 21
9 11
10 18
11 17
15 17
15 26
16 25
10 11
19 23
5 33
21 23
4 16
18 33
3 20
0 12
14 29
0 21
6 9
13 24
