30
100
30 14 53 31 58 59 11 26 16 1 9 52 58 28 40 20 51 34 37 44 59 57 3 42 18 26 55 15 38 38 
16 29
7 26
8 9
9 17
24 26
1 24
13 26
7 19
18 19
3 6
22 28
0 7
11 16
10 20
1 17
24 28
25 27
3 8
8 25
10 22
7 14
3 10
5 7
22 23
0 2
5 16
8 27
10 24
2 20
7 16
6 29
22 25
4 11
4 29
8 29
3 5
4 13
23 26
12 26
8 13
8 22
13 18
1 25
0 27
25 26
6 15
26 27
15 27
4 6
12 19
4 15
3 25
14 25
27 28
0 11
17 27
10 21
9 23
0 29
6 26
7 25
21 24
12 21
4 17
0 4
17 29
13 25
4 10
21 26
12 23
1 4
0 6
8 19
10 16
1 13
10 25
0 24
6 12
18 29
4 21
22 29
0 8
9 20
0 26
6 14
13 29
15 26
4 5
5 15
9 13
0 19
6 7
1 29
16 27
4 16
11 12
17 28
0 12
3 29
0 21
