50
300
23 65 91 21 1 29 63 57 100 87 61 40 59 84 73 16 72 73 28 45 79 20 30 18 18 17 59 13 94 35 70 38 64 11 97 41 73 11 46 18 41 74 16 49 60 28 21 93 54 10 
10 34
1 31
13 33
43 46
42 48
8 46
13 42
10 43
16 38
18 35
2 48
0 5
31 38
21 37
12 34
0 14
17 30
5 28
4 30
2 11
14 40
5 37
11 23
13 26
41 42
15 23
30 39
19 39
13 35
16 22
1 33
33 38
10 45
1 42
16 40
12 18
3 15
20 31
22 28
38 46
23 27
17 23
4 23
21 39
12 36
20 40
5 30
4 32
3 24
6 41
19 32
36 48
7 12
10 29
1 26
15 25
18 21
24 37
1 35
10 38
16 33
44 49
3 8
6 34
22 30
45 47
12 29
0 9
31 42
14 26
23 47
36 41
13 21
8 34
7 14
16 17
10 31
28 46
42 45
30 43
1 37
25 29
13 30
16 35
10 49
20 35
23 31
26 48
20 44
7 44
4 27
29 47
1 3
12 31
5 25
27 31
4 45
45 46
36 43
13 23
28 39
8 36
28 48
1 39
0 41
11 41
29 31
32 48
4 11
43 48
38 43
14 21
29 40
14 30
29 49
4 29
1 5
4 38
13 16
7 9
36 45
37 44
28 41
30 38
1 32
11 34
5 48
42 49
10 44
11 43
25 42
3 5
12 17
29 33
6 31
4 13
13 46
15 43
14 23
31 39
4 22
18 48
1 7
17 25
19 22
13 18
0 18
1 16
22 48
28 34
9 30
19 31
8 40
13 32
9 48
2 42
4 6
5 13
4 15
35 48
12 28
29 44
40 44
6 42
1 9
17 27
19 24
9 23
11 20
27 37
37 39
9 32
27 46
37 48
30 42
10 39
0 38
24 32
15 29
6 26
5 6
41 48
3 9
15 38
29 37
6 35
43 45
15 47
8 17
10 14
1 11
0 13
20 46
36 42
10 23
0 22
17 38
14 39
37 41
8 35
9 25
2 28
19 44
30 44
26 31
15 31
7 27
24 43
33 46
38 42
35 40
7 36
21 35
26 49
16 48
18 45
17 22
34 38
5 29
8 28
17 31
9 27
0 24
12 44
2 12
22 45
28 40
28 31
17 49
37 43
6 21
33 48
4 12
10 46
24 45
16 41
4 21
0 8
34 40
36 37
3 34
5 31
23 46
0 26
3 43
4 42
5 40
9 38
42 44
7 22
5 15
25 37
7 31
21 30
26 44
2 44
24 47
31 34
22 31
20 34
7 49
0 10
29 46
22 40
36 39
34 42
11 19
5 33
28 35
0 19
11 28
6 7
4 44
13 22
27 48
24 31
1 29
33 43
4 7
24 40
7 24
25 39
1 38
24 49
13 49
1 47
16 45
20 27
17 19
5 17
31 36
3 29
14 29
11 12
8 32
11 21
17 37
28 37
0 21
13 15
