35
300
64 62 28 20 29 70 11 4 51 14 56 24 42 2 33 32 58 60 42 11 22 43 28 28 1 28 51 16 7 32 12 32 5 70 37 
6 18
16 20
10 34
1 31
15 30
24 33
16 29
4 9
7 26
18 26
7 17
29 32
5 10
20 29
3 13
14 22
3 22
5 19
23 34
3 31
5 28
14 31
11 14
17 30
0 23
11 23
0 14
27 34
6 11
10 27
13 26
6 20
16 22
7 19
1 33
25 34
2 32
14 15
5 12
8 11
12 27
0 7
3 24
14 24
9 10
14 33
3 33
4 32
10 20
13 19
15 16
6 13
19 32
10 29
13 28
15 25
2 25
16 24
18 21
16 33
7 30
18 30
3 8
3 17
5 14
22 30
20 33
9 12
31 33
5 23
4 25
5 32
1 10
27 29
1 19
13 21
30 34
7 14
8 34
24 30
2 27
1 28
16 26
3 10
5 7
20 26
6 27
12 22
0 2
5 16
4 18
21 34
9 14
22 32
3 19
14 19
23 31
1 3
13 14
10 24
1 21
13 23
7 16
1 30
0 32
25 31
2 29
12 15
6 29
4 11
21 27
22 25
5 18
4 20
23 33
3 30
4 29
19 20
10 17
13 16
8 20
28 32
2 13
7 9
10 26
1 32
2 31
16 30
25 33
26 34
6 31
20 30
4 13
29 33
23 26
21 29
14 23
4 31
17 25
1 16
11 18
17 34
19 31
10 28
1 25
9 30
25 26
16 23
2 24
11 27
2 33
6 15
32 34
15 27
3 7
26 27
4 6
21 22
12 19
6 33
14 16
4 15
3 16
12 28
14 25
18 32
4 24
21 31
23 28
4 33
8 15
27 28
1 9
2 8
19 24
8 24
17 27
1 18
5 34
2 17
8 33
9 32
0 29
25 28
11 20
6 17
24 32
26 29
6 26
20 25
18 25
7 25
12 21
3 18
4 8
7 34
4 17
23 30
18 34
0 4
11 13
17 29
2 10
10 23
1 20
0 22
0 11
10 32
9 34
11 31
2 28
13 25
6 19
7 18
24 34
26 31
15 31
13 34
7 27
18 27
1 4
0 6
8 19
9 18
11 15
21 25
19 28
10 25
9 27
2 21
15 24
6 21
18 20
26 33
15 33
4 12
18 29
0 8
17 24
2 5
10 18
3 34
28 33
19 30
11 17
0 17
0 26
2 23
5 31
13 20
15 17
32 33
6 14
7 13
24 29
15 26
6 23
16 25
18 22
10 21
7 22
4 14
21 30
7 31
0 1
20 34
10 11
9 13
14 27
2 7
8 23
17 26
9 22
11 19
5 33
30 32
0 19
11 28
6 7
13 22
16 18
33 34
24 31
15 28
25 30
4 7
21 23
20 27
14 20
17 19
22 33
3 20
12 32
3 29
11 12
19 25
9 24
13 15
7 8
13 24
