100
2000
92 119 70 33 114 182 22 164 133 23 54 176 135 149 198 146 130 58 182 165 143 2 96 79 104 188 5 190 168 28 55 165 87 145 18 89 8 54 107 28 146 41 28 188 191 18 120 66 162 8 167 133 73 8 41 86 150 71 196 56 198 158 51 64 90 134 132 144 192 119 84 63 102 111 179 108 84 150 173 117 56 53 152 199 193 81 134 16 59 43 28 98 52 200 190 13 3 46 177 24 
13 88
24 97
29 32
47 80
0 5
5 83
6 48
9 90
50 91
40 77
41 42
33 38
6 84
25 34
44 47
14 24
74 75
32 78
4 96
51 91
35 83
88 95
59 68
5 60
17 71
36 84
9 67
77 85
28 80
69 81
21 41
6 61
81 91
73 87
20 81
39 94
31 90
35 60
14 37
66 84
32 91
65 88
16 83
17 48
76 97
9 44
5 73
21 54
8 84
27 97
11 89
10 44
2 40
62 91
20 94
13 55
4 86
51 81
17 25
28 34
7 11
6 15
58 62
49 93
29 35
69 71
21 31
61 67
39 48
58 98
30 79
50 94
10 21
42 90
8 97
73 77
20 71
12 67
4 63
16 37
87 97
13 68
37 96
65 78
16 73
57 74
68 83
58 75
50 71
69 84
80 93
8 74
19 83
39 61
23 53
2 30
13 45
53 81
32 58
23 89
64 90
35 63
9 11
5 40
65 91
38 74
68 96
42 44
15 90
7 86
26 99
19 60
31 34
42 80
2 7
19 96
20 61
12 57
32 35
4 53
23 66
64 67
43 44
1 47
34 81
53 94
37 86
38 51
17 28
57 64
76 77
9 24
49 60
68 73
7 63
38 87
79 88
90 97
82 93
19 73
39 51
31 47
83 94
1 24
34 58
53 71
4 66
45 67
24 44
22 83
26 53
37 99
38 64
15 80
7 76
18 85
30 59
63 93
21 96
60 87
52 83
4 43
44 79
10 86
1 37
34 71
53 84
56 89
49 50
22 96
9 14
14 92
26 66
30 36
50 51
63 70
82 83
0 50
40 86
19 63
20 28
6 93
11 59
1 14
33 83
56 66
16 30
22 73
46 58
78 90
49 63
89 99
36 93
15 70
27 44
0 27
18 75
19 40
79 91
30 49
63 83
29 90
21 86
44 69
4 33
2 72
22 50
34 61
25 92
66 93
45 70
3 73
14 82
47 79
26 56
0 4
59 90
8 44
6 83
54 96
37 43
43 86
22 63
14 59
67 71
55 96
7 56
48 57
40 53
5 95
11 26
6 60
33 50
6 96
52 63
25 46
39 93
44 59
22 40
74 87
32 90
24 86
15 37
47 69
26 46
18 42
5 72
70 89
17 83
36 96
69 93
29 57
21 53
6 73
2 39
54 86
73 99
25 59
12 89
51 80
14 49
7 10
66 96
17 60
9 56
55 86
8 11
0 7
40 43
6 50
58 97
9 92
10 20
41 44
33 40
25 36
44 49
14 26
85 86
32 80
24 76
43 89
16 72
35 85
36 50
55 63
7 23
88 97
59 70
6 27
38 96
69 83
61 79
80 92
73 89
20 83
31 92
32 57
23 88
13 80
24 89
17 50
26 98
6 40
69 96
42 79
27 99
0 82
19 95
25 26
39 73
11 91
14 16
4 88
43 79
16 62
17 27
56 98
36 40
9 23
35 75
47 49
5 52
46 90
6 17
38 86
58 64
49 95
29 37
7 98
27 76
30 81
31 46
50 96
10 23
42 92
54 66
0 95
20 73
39 86
72 83
51 60
24 43
16 39
35 52
34 93
46 67
65 80
57 76
9 36
49 72
28 49
15 79
50 73
8 76
39 63
12 46
31 59
4 42
23 55
1 36
53 83
13 47
4 78
45 79
64 92
16 52
14 91
5 42
6 7
65 93
49 85
15 92
27 66
19 62
11 58
23 32
2 9
75 79
8 89
54 56
41 86
87 89
1 49
34 83
53 96
65 70
38 53
57 66
76 79
49 62
15 69
7 65
26 78
27 43
6 20
19 39
71 86
19 75
11 71
39 53
31 49
4 32
72 86
64 82
37 65
56 78
15 46
46 70
5 32
18 51
70 98
49 75
8 43
26 91
27 56
0 39
18 87
11 48
21 98
41 76
45 46
5 9
78 79
38 43
9 16
15 59
7 55
27 33
18 64
79 80
82 85
42 49
0 52
41 53
20 30
60 66
11 61
12 26
31 39
41 89
34 50
74 86
44 94
64 72
37 55
56 68
22 75
86 96
36 95
8 33
48 69
0 29
19 42
21 88
60 79
52 75
4 35
2 74
22 52
14 48
74 99
34 63
24 98
36 72
15 49
7 45
8 10
59 92
29 69
21 65
41 43
33 39
1 6
54 98
74 76
66 72
45 49
51 92
22 65
7 22
18 31
78 82
89 91
36 85
8 23
0 19
62 79
39 95
44 61
31 91
74 89
66 85
32 92
55 75
15 39
28 58
59 82
5 74
9 81
28 94
69 95
29 59
21 55
6 75
2 41
25 61
12 91
51 82
43 78
14 51
15 16
7 12
13 92
36 75
28 71
29 36
21 32
80 81
42 91
62 69
54 65
73 78
25 38
20 72
39 85
23 77
2 54
3 19
84 93
74 79
24 78
17 39
35 87
76 88
28 48
1 94
5 64
6 29
58 76
77 89
50 72
69 85
61 81
80 94
6 65
19 84
73 91
20 85
39 98
31 94
32 59
4 77
35 64
13 82
5 41
17 52
57 88
36 65
49 84
9 48
6 42
69 98
54 55
0 84
19 97
25 28
11 93
12 58
31 71
43 45
3 9
35 41
45 91
65 69
16 64
17 29
88 89
5 54
38 88
49 97
69 75
42 58
21 35
80 84
27 78
11 70
39 52
31 48
83 95
2 21
75 91
54 68
20 75
13 36
31 84
72 85
24 45
64 81
43 58
16 41
35 54
1 61
5 31
46 69
17 42
57 78
7 77
50 75
60 88
12 48
23 57
4 80
5 8
16 54
9 15
49 51
26 67
5 44
6 9
49 87
0 51
18 99
19 64
12 25
30 73
31 38
83 85
75 81
41 88
33 84
13 26
72 75
56 67
16 31
35 44
22 74
87 91
53 98
5 21
65 72
7 67
8 32
27 45
71 88
42 61
29 91
52 74
12 38
31 51
33 97
25 93
37 67
56 80
3 74
22 87
7 44
67 95
59 91
8 45
48 81
0 41
18 89
12 15
63 97
23 24
60 91
33 74
52 87
25 70
13 16
4 47
24 25
37 44
10 90
67 72
26 34
5 11
78 81
3 87
89 90
55 97
7 57
26 70
71 78
90 91
63 74
82 87
29 81
48 94
0 54
41 55
20 32
6 97
52 64
44 60
23 37
22 41
1 18
33 87
34 52
25 83
53 65
85 97
37 57
2 99
7 34
18 43
59 81
78 94
17 84
29 58
8 35
40 67
19 44
6 74
11 40
44 73
10 80
2 76
3 41
22 54
14 50
66 97
13 91
47 83
59 94
17 97
9 93
48 84
41 45
52 54
25 37
10 57
14 27
34 42
32 81
37 47
3 54
14 63
15 28
26 37
18 33
59 71
78 84
17 74
28 83
29 48
47 96
21 44
10 34
25 50
20 84
10 70
2 66
43 67
22 44
32 94
24 90
36 64
55 77
7 37
47 73
6 41
17 87
50 84
69 97
40 70
6 77
25 27
54 90
12 93
13 58
32 71
4 89
24 67
43 80
16 63
15 18
1 83
47 50
7 14
13 94
18 23
16 99
28 73
29 38
69 74
5 89
42 93
2 20
62 71
81 84
54 67
12 70
31 83
32 48
51 61
3 21
35 53
66 77
32 84
24 80
35 89
55 67
47 63
6 31
58 78
77 91
50 74
69 87
42 70
21 47
19 86
39 64
4 79
72 97
35 66
46 81
28 63
7 89
27 67
0 86
12 60
13 25
4 56
23 69
24 34
43 47
35 43
87 90
1 50
34 84
24 70
65 71
37 89
16 66
57 67
17 31
76 80
3 96
28 40
68 76
88 91
6 21
38 90
77 81
50 64
42 60
61 73
8 67
0 63
11 72
23 46
83 97
0 99
20 77
32 51
72 87
4 69
24 47
84 98
16 43
34 97
5 33
57 80
76 93
15 83
26 92
18 88
19 53
30 62
63 96
42 73
8 80
19 89
31 63
4 46
23 59
1 40
45 83
46 48
38 44
49 53
9 17
15 60
6 11
18 65
79 81
30 39
49 89
82 86
15 96
48 93
27 70
4 23
83 87
94 96
33 86
24 37
64 73
16 33
22 76
14 72
45 96
46 61
37 92
38 57
57 70
49 66
11 39
63 86
21 89
20 44
44 72
75 96
1 30
33 99
53 77
64 86
37 69
3 76
14 85
7 46
26 59
59 93
8 47
40 79
19 56
20 21
4 13
63 99
23 26
34 41
52 89
25 72
53 54
44 85
56 59
15 27
38 47
49 56
36 86
7 59
0 20
79 84
11 29
63 76
29 83
21 79
40 92
33 53
6 99
12 30
25 49
10 69
22 43
1 20
25 85
66 86
45 63
7 36
26 49
8 37
21 56
40 69
6 76
41 70
10 82
2 78
15 17
7 13
17 63
48 50
40 46
19 23
5 88
30 32
81 83
73 79
52 56
25 39
4 16
2 55
34 44
66 76
13 70
51 96
3 56
15 30
55 66
1 95
7 26
67 77
70 82
36 89
9 72
48 63
0 23
81 96
73 92
25 52
39 99
23 91
43 69
35 65
14 42
1 72
66 89
9 49
28 62
47 75
5 78
42 82
19 98
25 29
2 45
62 96
22 23
20 99
13 60
24 69
35 78
55 56
28 39
1 85
59 63
46 93
38 89
58 67
9 62
29 40
69 76
21 36
61 72
30 84
42 95
54 69
0 98
73 82
25 42
39 89
31 85
32 50
4 68
23 81
51 63
43 59
13 73
76 92
47 65
5 68
77 93
69 89
21 49
80 98
27 92
0 75
19 88
11 84
39 66
30 97
54 82
20 89
4 81
23 94
64 95
56 91
28 29
1 75
5 45
17 56
9 52
29 30
15 95
21 26
6 46
50 89
42 85
62 63
8 92
20 66
11 97
52 98
13 27
31 75
4 58
23 71
84 87
16 32
87 92
34 86
5 22
46 60
3 98
9 29
49 65
26 81
46 96
18 77
5 58
38 92
58 70
82 98
42 62
11 74
12 39
75 95
12 75
53 76
25 94
4 71
24 49
5 35
46 73
49 78
7 81
26 94
18 90
19 55
11 51
63 98
42 75
41 79
52 88
23 61
24 26
16 22
1 42
34 76
53 89
64 98
38 46
56 94
17 23
49 55
14 97
15 62
7 58
6 13
19 32
38 82
30 41
82 88
8 59
48 95
0 55
20 33
30 77
31 42
23 38
75 85
94 98
41 92
34 53
53 66
13 30
72 79
44 97
45 62
37 58
16 35
3 65
22 78
86 99
5 25
38 59
49 68
36 98
15 75
7 71
27 49
11 41
63 88
21 91
0 68
60 82
44 74
10 81
1 32
53 79
66 98
45 75
37 71
22 91
55 88
7 48
26 61
18 57
11 18
63 65
41 46
12 19
31 32
4 15
23 28
1 9
33 78
34 43
52 91
85 88
64 65
10 94
51 95
56 61
2 90
14 64
67 76
18 34
89 94
36 88
28 84
48 62
71 82
30 44
63 78
82 91
33 55
52 68
25 51
22 45
14 41
34 56
25 87
32 95
24 91
3 68
15 42
47 74
26 51
18 47
59 85
70 94
9 84
0 35
4 5
10 48
20 98
10 84
51 85
3 45
43 81
15 19
26 28
59 62
17 65
36 78
55 91
28 74
29 39
8 16
48 52
40 48
0 12
19 25
6 55
9 97
73 81
6 91
33 45
25 41
44 54
10 61
51 62
2 57
3 22
22 35
14 31
85 91
13 72
24 81
35 90
36 55
15 32
28 51
7 28
18 37
59 75
5 67
17 78
77 92
80 97
2 34
81 98
51 75
23 93
43 71
14 44
13 85
65 95
17 55
36 68
9 51
28 64
21 25
6 45
50 88
61 97
25 31
11 96
39 78
84 86
54 94
12 97
32 75
4 93
43 84
55 58
5 57
38 91
9 64
77 82
29 42
69 78
21 38
61 74
27 81
19 77
30 86
42 97
39 91
12 74
13 39
4 70
3 25
84 99
16 44
35 57
43 61
1 64
34 98
46 72
65 85
16 80
57 81
36 58
76 94
68 90
28 54
26 93
5 70
6 35
69 91
8 81
20 55
12 51
30 99
31 64
2 37
12 87
32 65
24 61
17 22
35 70
9 18
5 47
46 85
57 94
58 59
49 90
50 55
42 51
61 64
21 28
19 67
11 63
30 76
31 41
91 92
83 88
62 65
75 84
11 99
4 60
51 55
64 74
84 89
35 47
1 54
34 88
45 97
9 31
6 25
18 79
30 53
0 67
19 80
20 45
12 41
30 89
4 37
34 65
53 78
4 73
24 51
37 70
64 87
3 77
22 90
14 86
5 37
57 84
26 96
0 44
11 53
30 66
2 4
60 94
20 58
33 77
16 24
2 89
3 90
8 25
30 43
82 90
8 61
0 57
19 70
60 71
20 35
12 31
52 67
33 90
34 55
53 68
25 86
45 64
64 77
37 60
3 67
22 80
14 76
59 84
38 61
49 70
15 77
8 38
48 74
0 34
18 82
19 47
11 43
30 56
63 90
21 93
52 80
4 40
10 83
34 68
45 77
3 80
14 89
8 15
59 97
19 24
11 20
63 67
9 96
0 47
6 90
52 57
12 21
10 60
33 80
44 89
51 97
2 92
15 31
7 27
26 40
17 77
36 90
0 24
40 60
11 33
71 84
29 87
81 97
33 57
52 70
44 66
2 69
13 84
24 93
15 44
7 40
67 91
5 79
17 90
21 60
40 73
33 34
25 30
10 50
2 46
22 24
54 93
14 20
25 66
66 67
12 96
51 87
2 82
3 47
35 79
15 21
55 57
26 30
67 68
18 26
47 89
21 37
40 50
11 23
92 97
9 99
21 73
41 51
51 64
2 59
43 60
22 37
14 33
13 74
16 79
17 44
36 57
47 66
6 34
58 81
9 76
29 54
61 86
21 50
27 93
30 98
20 90
32 64
24 60
3 37
43 73
5 46
65 97
57 93
17 57
36 70
29 31
6 47
50 90
8 93
54 60
11 98
12 63
31 76
51 54
2 49
3 14
35 46
87 93
35 82
96 98
28 43
55 60
88 94
6 24
38 93
58 71
77 84
29 44
61 76
80 89
8 70
39 57
42 99
2 26
20 80
12 76
31 89
72 90
24 50
35 59
1 66
5 36
38 70
76 96
49 79
9 43
15 86
26 95
27 60
18 91
58 84
2 3
39 70
11 88
4 49
23 62
24 27
3 4
35 36
34 77
53 90
13 54
56 95
16 59
28 33
26 72
38 83
57 96
58 61
49 92
50 57
90 93
61 66
21 30
7 95
27 73
19 69
20 34
31 43
91 94
20 70
53 67
72 80
23 75
16 36
87 96
34 90
45 99
5 26
37 95
68 82
19 46
79 97
42 66
20 47
31 56
1 33
25 98
72 93
45 76
37 72
14 88
15 53
26 62
18 58
8 50
27 63
0 46
12 20
60 96
52 92
25 75
12 56
13 21
44 88
10 95
56 62
2 91
14 65
34 80
45 89
46 54
38 50
57 63
89 95
49 59
68 72
15 66
18 71
30 45
63 79
29 86
8 63
0 59
41 60
60 73
52 69
75 89
41 96
1 23
74 93
53 70
25 88
64 79
22 82
26 52
38 63
78 99
70 95
7 75
48 76
40 72
6 79
4 6
60 86
33 69
52 82
37 39
2 81
14 55
15 20
26 29
5 6
18 25
37 75
70 72
47 88
7 52
26 65
27 30
5 91
11 22
71 73
63 69
60 63
33 46
10 62
33 82
93 96
85 92
51 99
3 59
14 68
7 29
18 38
70 85
17 79
9 75
0 26
11 35
6 69
81 99
73 95
25 55
31 98
10 75
3 36
22 49
74 96
13 86
16 91
55 82
47 78
0 3
5 81
11 12
17 92
61 98
25 32
44 45
22 26
54 95
51 89
1 88
88 93
17 69
36 82
77 83
40 52
6 59
62 76
81 89
54 72
73 85
33 49
39 92
32 53
51 66
23 84
3 26
22 39
66 82
32 89
43 98
16 81
35 94
76 95
9 42
36 59
47 68
17 82
58 83
9 78
29 56
21 52
73 98
13 53
32 66
23 97
24 62
35 71
7 9
13 89
5 48
65 99
15 98
21 29
5 84
6 49
10 19
0 91
20 69
12 65
31 78
43 52
14 25
1 55
87 95
4 97
24 75
17 36
68 81
1 91
5 61
77 86
61 78
8 72
20 46
39 59
31 55
10 32
75 98
54 75
20 82
12 78
13 43
72 92
4 74
24 52
64 88
65 89
17 49
49 81
18 93
19 58
30 67
42 78
27 98
13 20
32 33
16 25
1 45
34 79
53 92
46 53
37 84
9 22
28 35
26 74
5 51
18 70
90 95
7 97
27 75
0 58
19 71
11 67
12 32
91 96
75 88
41 95
12 68
72 82
32 46
64 78
56 74
35 51
5 28
37 97
49 71
9 35
68 84
15 78
7 74
8 39
26 87
18 83
79 99
11 44
71 95
42 68
20 49
60 85
11 80
31 58
44 77
1 35
45 78
38 39
56 87
9 12
22 94
15 55
7 51
26 64
18 60
38 75
8 52
48 88
0 48
60 62
30 70
31 35
75 78
60 98
33 81
52 94
25 77
64 68
37 51
56 64
2 93
34 82
67 79
46 56
37 87
38 52
57 65
70 84
3 94
49 61
7 64
26 77
0 25
79 89
11 34
71 85
90 98
63 81
82 94
40 97
41 62
60 75
12 35
44 67
23 44
2 70
22 48
1 25
45 68
37 64
3 71
22 84
15 45
7 41
67 92
70 97
17 91
9 87
40 74
19 51
6 81
4 8
63 94
1 2
33 71
25 67
44 80
22 61
7 18
18 27
55 94
15 58
47 90
27 32
5 93
11 24
63 71
29 78
33 48
6 94
22 38
14 34
74 85
93 98
25 80
85 94
37 54
24 84
3 61
43 97
15 35
67 82
18 40
70 87
9 77
29 55
48 68
0 28
62 88
41 65
54 84
33 61
23 96
43 74
22 51
74 98
66 94
