30
200
59 60 12 36 47 15 53 10 3 45 43 23 15 48 9 25 59 17 45 36 15 43 24 35 39 20 25 5 24 20 
6 18
16 20
16 29
7 26
8 9
12 25
0 5
5 19
11 14
2 11
0 23
13 17
1 15
6 11
7 10
10 27
13 24
13 26
24 26
7 28
18 28
3 6
12 27
0 7
14 24
4 23
17 23
23 27
0 16
1 8
1 17
15 16
7 12
10 29
1 26
2 25
13 28
7 21
12 20
14 17
12 29
3 26
23 29
14 26
10 22
15 18
16 17
7 14
25 29
16 26
7 23
5 7
20 26
12 22
3 19
0 2
4 18
9 14
3 28
14 28
8 27
1 21
13 23
3 12
5 9
22 25
4 11
21 27
20 28
10 17
13 16
1 14
19 29
7 9
10 26
0 25
8 29
16 21
2 22
5 11
22 27
14 23
3 23
4 22
2 6
8 22
13 18
11 18
7 11
10 28
11 27
25 26
2 24
0 27
15 27
3 7
20 23
4 6
3 16
23 28
12 28
4 24
17 18
10 12
1 9
17 27
11 20
2 26
25 28
6 8
6 17
26 29
3 9
5 6
7 25
21 24
12 21
14 18
3 18
20 25
4 26
0 4
17 20
10 14
5 27
19 26
8 26
9 25
1 20
0 22
2 28
6 10
15 22
12 14
3 11
6 28
1 4
8 19
10 16
9 18
0 15
1 13
2 12
10 25
5 29
11 24
6 12
13 27
24 27
3 4
7 20
7 29
22 29
9 11
0 8
1 6
17 24
8 21
9 20
5 22
2 5
9 29
11 26
2 23
15 17
7 13
1 27
13 29
24 29
6 23
18 22
5 15
8 14
10 11
14 27
17 26
19 23
8 23
9 22
0 10
0 28
6 7
13 22
16 18
7 15
6 25
4 7
18 24
4 16
22 24
3 20
14 20
17 19
14 29
0 12
17 28
5 26
9 24
0 21
1 22
