35
200
26 21 59 50 22 34 41 70 41 58 20 39 45 25 6 5 9 60 29 7 30 61 25 59 54 22 62 31 46 16 53 38 15 2 37 
15 21
7 17
1 31
24 33
25 32
16 29
4 9
18 26
5 10
8 9
22 26
3 22
17 21
8 18
23 34
5 28
17 30
9 26
0 23
1 15
10 27
24 26
18 19
26 32
18 28
12 18
14 15
20 31
5 12
0 7
2 4
3 33
5 30
4 32
9 28
15 16
13 15
8 32
15 25
25 27
16 24
3 8
20 24
12 20
31 33
5 14
3 26
5 23
9 21
4 34
1 10
8 25
15 18
8 34
7 14
16 17
19 34
25 29
6 27
20 26
22 23
21 25
3 19
5 16
12 31
4 27
13 14
8 27
10 24
13 23
1 21
16 19
11 32
25 31
16 28
12 15
3 12
20 28
4 11
22 25
23 24
3 21
4 20
9 16
19 29
11 25
0 34
2 31
20 21
15 34
6 31
5 11
4 13
21 29
14 32
8 13
19 22
8 22
1 16
0 18
17 34
10 28
7 11
0 27
11 27
2 24
32 34
6 15
20 23
21 22
12 19
14 16
20 32
14 25
3 25
4 24
8 15
10 12
2 8
17 27
11 20
2 17
0 29
2 26
15 20
6 17
15 29
20 25
4 8
21 24
18 34
21 33
10 14
28 29
19 26
8 26
9 25
0 22
6 10
13 25
15 22
24 34
12 14
15 31
7 27
21 26
12 23
4 28
8 10
17 22
1 13
11 15
17 31
9 18
10 25
11 24
6 12
13 27
24 27
3 4
1 34
15 33
6 30
4 21
1 6
2 5
19 21
10 18
3 34
17 33
13 20
7 13
24 29
7 22
18 31
31 34
22 31
9 13
2 7
8 23
5 24
2 16
30 32
11 28
6 7
7 15
1 29
6 25
25 30
4 7
22 24
0 3
3 20
5 17
23 32
2 9
9 24
0 21
11 30
6 9
