25
150
4 46 9 14 36 28 11 10 22 28 6 48 17 15 41 24 5 31 29 47 4 28 14 18 8 
15 21
16 20
4 9
8 9
14 22
5 19
0 14
11 14
13 17
1 24
16 22
7 19
20 22
14 15
8 11
17 23
4 23
9 19
11 16
0 16
1 8
13 19
15 16
16 24
18 21
3 8
20 24
5 14
9 12
9 21
1 10
13 21
15 18
16 17
7 23
12 13
3 10
5 7
22 23
12 22
14 19
0 2
5 16
4 18
10 15
1 12
10 24
13 23
2 20
16 19
7 16
12 15
3 12
5 9
4 11
23 24
12 24
5 18
4 20
14 21
9 16
19 20
10 17
2 13
1 23
6 22
3 5
12 17
5 11
14 23
19 22
13 18
0 18
6 24
4 6
14 16
4 24
17 18
8 15
0 11
2 8
10 21
0 20
6 8
15 20
6 17
5 6
4 8
21 24
8 17
10 14
2 10
1 20
11 22
2 19
6 10
15 22
6 19
3 11
4 10
1 4
0 6
5 20
2 3
10 16
1 13
9 18
2 12
2 21
6 12
15 24
6 21
7 20
12 16
8 12
9 11
5 22
8 21
9 20
0 17
11 17
2 14
15 17
6 14
4 5
7 22
4 14
0 1
10 11
0 10
5 24
2 7
9 22
0 19
6 16
7 24
4 16
22 24
3 20
5 17
8 16
0 3
9 15
0 12
11 12
9 24
0 21
2 18
11 21
6 9
