70
500
74 108 132 100 127 70 125 71 126 12 2 33 66 2 36 62 31 108 110 104 99 40 81 80 73 140 121 47 41 33 12 140 92 96 61 129 9 83 31 136 20 139 36 128 57 97 123 118 63 89 37 34 114 69 22 128 139 8 73 2 71 65 13 102 13 47 25 45 123 113 
55 57
7 17
47 53
67 68
7 26
17 58
28 67
29 32
40 41
29 41
48 54
21 37
29 50
0 14
48 63
11 14
11 23
40 59
21 64
41 42
33 38
33 47
25 52
14 15
2 59
32 60
22 46
35 65
17 44
36 57
18 30
9 49
5 69
6 34
6 43
40 45
48 58
6 52
54 65
10 58
43 55
43 64
24 69
16 65
47 52
28 48
6 29
9 62
6 38
48 53
29 49
40 49
2 13
54 60
33 37
54 69
31 67
12 63
25 42
32 41
2 49
3 23
17 25
36 47
17 52
9 57
50 58
5 68
42 63
21 49
39 66
62 68
25 28
10 39
2 35
43 54
32 63
35 68
65 69
1 66
17 29
5 27
36 51
28 47
5 54
6 28
58 66
21 26
20 48
12 44
2 30
54 68
24 27
3 4
13 54
24 54
9 20
49 65
5 40
27 64
42 62
30 60
8 69
31 34
11 65
2 7
31 52
20 61
4 44
23 57
1 29
65 68
5 26
17 37
8 55
0 51
19 64
20 29
8 64
20 38
11 69
12 34
39 51
2 11
23 43
12 43
12 52
13 17
23 61
35 44
37 63
1 42
1 51
46 50
46 59
46 68
27 36
27 45
0 37
30 50
27 63
19 59
11 55
30 68
23 29
12 29
20 51
12 47
1 10
12 56
34 53
64 66
4 61
16 26
22 60
14 65
5 16
38 50
9 14
38 59
7 53
8 54
30 54
60 64
41 60
52 60
11 68
0 68
33 65
44 65
45 48
22 55
26 34
46 49
38 45
46 58
7 39
49 54
26 61
38 63
19 22
0 18
18 66
27 53
20 23
52 55
20 32
12 28
33 60
23 37
1 9
25 65
34 43
22 41
1 18
53 56
34 52
56 61
37 57
15 29
7 25
11 13
27 39
11 22
63 69
30 44
11 49
4 10
12 23
33 55
10 62
44 64
4 28
25 60
34 38
1 13
25 69
3 32
14 50
56 65
37 61
18 20
7 20
18 29
7 29
0 8
8 21
0 17
19 30
40 62
0 35
6 69
41 63
25 46
44 59
2 53
44 68
37 38
14 36
34 51
37 47
14 63
3 63
7 24
47 69
7 33
29 39
8 16
19 25
21 44
33 36
10 34
41 49
25 32
4 9
44 45
33 45
10 52
2 48
33 63
22 26
44 63
2 66
37 42
18 28
7 37
9 65
48 56
40 52
6 50
29 52
0 16
6 68
10 29
41 44
25 36
44 49
2 43
3 8
10 56
3 17
22 30
55 63
36 59
36 68
21 25
21 52
6 63
2 20
54 58
39 69
25 31
54 67
25 40
2 47
51 61
22 25
13 53
43 66
14 30
13 62
17 32
7 9
17 41
28 50
5 48
36 63
17 59
5 57
50 65
40 51
2 6
39 64
31 60
20 60
10 37
32 34
3 7
3 16
43 61
35 57
16 53
13 66
24 66
9 23
47 49
9 32
28 45
9 50
28 63
58 64
6 26
50 69
6 44
2 19
54 66
23 60
12 69
32 47
1 50
13 61
1 59
16 57
16 66
46 67
9 27
5 38
6 12
58 59
6 30
58 68
19 67
42 69
30 67
11 63
2 5
20 68
32 33
1 36
1 54
36 39
9 22
5 33
28 35
15 65
5 42
5 51
6 25
58 63
21 23
8 53
27 66
42 64
10 13
12 32
4 37
13 15
12 59
1 22
4 55
12 68
1 31
4 64
16 29
45 65
24 42
28 30
46 66
9 26
5 37
15 69
27 34
30 39
27 52
19 48
61 63
0 44
50 63
20 22
39 44
20 40
4 23
31 40
12 45
4 41
1 17
4 50
34 60
37 65
38 39
9 12
5 23
38 57
5 32
38 66
18 69
8 34
11 48
19 61
23 31
31 44
1 12
25 68
22 62
16 28
5 9
18 46
8 20
26 68
18 64
7 64
8 29
27 42
30 38
27 51
30 56
60 66
12 26
52 62
31 39
33 58
12 35
4 40
53 54
16 23
22 57
18 32
15 45
18 41
26 54
15 54
26 63
27 28
18 59
8 24
0 29
30 51
41 48
52 66
25 58
10 69
1 11
25 67
34 45
3 39
22 52
37 50
14 57
59 65
18 27
15 40
7 45
0 6
18 54
8 28
11 24
6 67
29 69
21 65
41 52
60 65
33 48
33 57
25 53
25 62
34 40
2 69
3 43
56 58
0 1
18 49
9 68
8 14
48 50
11 28
0 28
41 47
33 43
25 57
14 56
