50
200
78 86 88 9 79 26 74 77 47 90 46 89 20 76 83 31 66 36 88 15 58 20 53 99 43 44 84 46 34 87 69 54 12 54 44 26 58 64 6 11 27 85 72 4 76 69 73 96 40 74 
7 17
13 33
33 36
25 32
19 46
4 9
30 46
16 47
18 44
8 9
46 48
31 38
9 17
2 11
20 47
31 47
9 26
13 17
13 26
41 42
33 38
10 36
15 32
2 32
8 48
13 35
13 44
24 44
35 44
3 6
20 22
8 11
17 23
21 39
12 36
22 46
14 42
3 42
13 28
16 24
44 49
9 49
25 45
16 42
12 20
6 34
29 36
9 12
6 43
0 9
14 35
12 47
1 19
15 18
19 34
2 27
19 43
30 43
9 42
33 42
18 23
1 37
20 26
5 7
20 35
4 18
22 32
12 31
14 28
3 28
6 45
15 48
26 48
34 46
10 24
17 39
2 20
17 48
2 47
14 21
4 20
12 33
14 30
3 30
9 16
21 45
1 5
13 16
1 14
19 29
1 32
2 40
12 26
6 40
23 26
14 23
12 35
7 48
21 47
19 22
8 22
28 34
7 11
5 41
0 36
2 33
32 34
11 45
21 22
12 19
3 16
31 32
26 45
38 47
18 41
39 48
9 32
3 46
2 26
19 42
15 20
2 35
32 36
13 32
32 45
38 40
1 48
26 47
16 46
7 43
34 36
1 11
10 32
6 10
13 25
6 19
11 49
12 14
4 10
24 43
26 40
18 27
16 39
1 41
39 43
17 22
0 15
31 48
45 47
11 33
28 49
4 49
9 45
11 42
32 40
26 33
16 32
10 46
1 43
7 47
0 8
36 37
9 20
28 33
17 33
3 43
9 38
0 35
6 14
41 45
4 5
26 35
20 34
8 14
29 46
14 27
0 10
23 39
14 36
22 49
37 47
33 34
1 29
13 31
26 28
16 27
10 41
24 40
26 37
7 33
13 49
5 8
14 20
20 36
29 48
19 25
9 24
23 41
4 46
7 8
