20
90
27 28 24 2 16 23 11 37 40 32 28 35 29 21 3 17 40 29 1 30 
7 17
5 10
8 9
0 5
8 18
11 14
2 11
6 11
7 10
7 19
3 6
3 15
5 12
14 15
0 7
11 16
1 8
13 19
15 16
14 17
5 14
3 17
1 10
1 19
15 18
7 14
0 2
14 19
4 18
9 14
13 14
7 16
12 15
5 9
5 18
9 16
3 5
5 11
8 13
1 7
13 18
1 16
0 18
4 6
12 19
14 16
4 15
10 12
1 18
2 17
6 8
3 9
1 2
0 4
8 17
11 13
2 10
2 19
6 10
6 19
12 14
3 11
4 19
2 3
8 19
10 16
11 15
4 12
1 6
0 8
2 5
0 17
15 17
7 13
4 5
4 14
0 1
8 14
10 11
9 13
0 10
0 19
2 16
6 16
4 7
17 19
10 13
11 12
2 18
13 15
