70
800
17 1 20 133 109 36 120 132 31 81 102 62 44 22 26 30 124 118 54 122 75 88 120 55 50 74 76 139 136 74 45 32 5 93 79 65 20 7 48 58 52 105 20 118 125 100 41 26 71 46 14 20 30 32 22 102 17 101 72 7 35 45 44 108 92 90 59 130 2 78 
36 53
55 66
36 62
7 35
18 35
28 67
5 65
9 63
29 41
8 18
48 54
0 14
40 50
0 23
11 23
40 59
6 57
29 68
6 66
41 51
2 32
33 47
44 47
10 45
2 41
25 43
14 15
10 63
2 59
14 24
25 61
3 33
43 69
32 69
24 65
22 46
14 42
36 48
17 44
36 57
47 57
36 66
7 30
18 30
28 62
17 62
9 67
21 32
29 54
25 29
33 42
2 36
25 38
22 23
32 55
43 55
22 32
14 19
3 37
16 56
13 69
16 65
55 56
7 16
47 52
55 65
47 61
9 44
5 55
28 57
17 66
58 67
5 64
21 27
48 53
21 36
21 54
10 17
10 26
2 22
10 35
33 37
25 33
2 31
32 41
43 50
32 50
35 46
14 23
32 59
35 55
43 68
16 51
13 64
1 62
17 34
36 56
17 52
6 15
47 65
50 58
29 35
50 67
29 44
21 40
39 48
54 55
31 53
62 68
10 30
20 62
10 39
32 36
13 32
3 9
43 45
32 45
35 41
24 50
35 50
16 46
24 59
13 59
1 57
16 64
28 29
5 27
9 25
28 38
9 34
17 47
9 43
6 19
58 66
21 26
61 62
50 62
8 65
19 65
39 43
20 39
2 12
31 48
10 25
20 48
62 63
20 57
12 44
2 30
31 66
54 68
4 49
3 4
24 36
4 67
43 49
32 58
24 54
46 60
57 60
36 37
9 20
5 22
17 24
57 69
3 47
38 65
49 65
6 14
6 23
42 44
61 66
50 66
8 60
19 60
11 56
31 52
20 61
13 31
53 67
64 67
1 29
1 38
35 40
16 36
24 49
13 49
5 8
35 58
1 56
17 19
1 65
65 68
38 51
57 64
46 64
38 60
17 37
5 35
49 69
6 9
7 63
27 41
27 50
50 52
19 46
30 55
19 55
27 68
0 51
8 64
39 42
12 34
23 34
20 47
31 47
31 56
4 39
12 52
1 15
31 65
4 48
12 61
53 62
4 57
34 58
13 35
4 66
56 67
34 67
35 44
16 31
45 67
24 44
16 40
1 51
16 49
46 50
5 12
9 10
38 55
15 53
5 30
18 58
19 32
27 45
42 43
19 41
27 54
0 37
30 41
50 56
27 63
0 55
19 68
8 68
20 33
11 64
39 46
30 68
0 64
4 25
20 51
12 47
1 10
12 56
24 30
1 28
13 30
16 26
56 62
1 37
22 69
3 65
37 67
49 50
26 48
57 63
9 14
38 50
26 57
15 57
38 68
27 31
18 62
19 27
27 40
30 36
50 51
8 45
11 41
8 54
30 54
42 56
0 50
12 15
19 63
20 28
4 11
11 59
52 60
23 24
39 41
4 20
11 68
1 5
4 38
24 25
37 44
56 57
45 57
3 51
37 53
56 66
34 66
15 34
46 49
5 11
57 58
26 52
7 48
49 63
19 22
7 66
18 66
48 67
11 27
8 40
19 40
27 53
0 54
11 54
60 68
4 15
44 60
33 60
44 69
10 67
37 39
34 52
14 46
56 61
22 68
14 64
37 66
5 6
15 38
15 47
7 43
26 56
0 4
26 65
0 13
48 62
0 22
29 58
30 35
8 35
19 35
40 67
19 44
21 63
11 49
4 10
12 23
52 59
4 19
41 68
4 28
25 60
2 58
1 13
3 32
3 41
56 65
3 59
18 20
14 68
3 68
7 20
15 33
55 69
15 42
18 38
7 38
15 51
0 8
7 56
48 57
8 21
11 17
0 17
0 26
0 35
6 69
4 5
52 54
52 63
44 59
10 57
10 66
25 64
3 27
37 38
14 36
34 51
3 36
45 51
37 56
3 63
55 64
47 60
59 62
15 37
47 69
7 33
28 65
48 52
0 12
40 48
11 12
63 68
40 66
33 36
4 9
44 45
2 39
25 41
33 54
44 54
33 63
22 26
2 57
2 66
3 40
37 42
14 40
3 49
36 46
47 55
26 32
28 51
59 66
47 64
7 37
17 69
29 43
48 56
21 39
21 48
6 59
21 57
6 68
41 44
33 40
2 43
10 56
25 54
32 53
2 52
14 26
43 62
13 58
13 67
35 67
7 14
28 46
7 23
18 23
17 64
6 27
9 60
21 25
9 69
29 47
40 56
29 56
21 52
21 61
10 33
33 35
20 65
25 40
2 38
10 51
22 25
3 21
43 57
14 21
13 53
35 53
3 30
66 68
17 32
17 41
9 37
47 63
9 46
17 59
6 22
9 55
17 68
58 69
6 40
6 49
39 64
54 62
31 60
2 33
25 35
24 39
14 16
32 52
35 48
13 48
16 44
13 66
1 64
17 27
17 36
28 45
6 8
47 58
9 41
5 43
5 52
28 54
6 35
27 67
61 69
39 59
31 55
2 28
31 64
23 60
12 60
13 25
32 47
35 43
24 52
1 50
35 61
17 22
5 20
5 29
28 31
28 40
17 40
9 36
17 49
9 45
5 56
6 21
50 55
50 64
27 62
6 39
42 60
61 64
8 58
30 67
19 67
11 63
10 18
62 65
12 46
20 59
13 20
4 51
13 29
4 60
16 34
13 56
5 15
46 53
65 66
9 13
17 26
36 39
9 22
49 58
28 44
5 51
42 46
50 59
8 53
0 49
42 64
19 62
0 58
31 36
23 32
2 18
4 37
20 54
1 22
53 60
13 24
16 20
1 31
16 38
35 51
24 51
38 53
28 30
9 35
15 69
27 34
18 65
7 65
27 43
30 39
50 54
30 48
19 48
27 61
50 63
19 57
8 57
0 53
30 66
8 66
19 66
0 62
11 62
12 27
31 40
2 4
39 53
12 36
23 36
31 58
4 41
23 54
13 19
53 64
13 28
16 24
35 37
45 69
16 42
38 39
46 52
38 48
9 21
38 57
26 55
18 51
7 51
49 66
27 29
38 66
8 25
7 69
19 34
0 30
8 43
42 45
19 52
0 48
19 61
60 62
20 35
12 31
41 67
23 31
1 12
34 46
45 55
1 30
3 58
14 67
46 56
49 52
26 50
7 46
49 61
18 55
8 20
27 33
8 29
8 38
30 38
0 34
42 49
8 56
52 53
4 13
41 62
52 62
12 26
33 58
12 35
23 35
4 31
23 44
25 63
4 40
1 16
53 54
13 18
34 50
45 59
14 53
3 53
26 27
26 45
38 47
15 45
38 56
7 59
7 68
19 33
0 29
11 29
30 42
40 65
8 42
0 38
63 67
19 51
11 47
4 8
12 21
52 57
41 66
25 49
10 60
4 26
25 58
10 69
22 34
4 35
25 67
1 11
34 45
1 20
3 39
45 54
37 50
45 63
37 59
37 68
26 31
15 31
15 49
26 49
26 58
18 54
11 15
18 63
0 15
30 37
40 69
6 67
0 33
11 42
33 39
41 52
10 46
10 64
1 6
25 62
2 69
37 45
56 58
37 54
15 17
7 13
55 62
7 31
18 49
29 46
0 10
8 23
48 59
29 55
40 55
48 68
29 64
11 28
21 60
41 47
41 56
25 39
44 52
44 61
22 24
33 61
25 57
14 20
10 68
22 33
25 66
14 29
3 29
2 64
3 38
37 49
7 8
