150
3000
111 163 27 67 87 219 139 17 292 251 71 185 294 49 24 231 242 13 175 107 177 91 259 287 51 272 13 69 131 207 283 230 28 90 211 289 157 274 77 52 85 38 123 17 192 200 47 61 15 55 182 57 120 292 1 188 41 269 66 297 167 239 252 235 87 173 217 23 149 36 187 24 286 16 199 67 205 49 100 278 273 136 32 121 5 52 20 169 92 89 217 193 40 55 57 139 237 230 262 31 41 237 272 223 199 135 286 16 26 41 254 142 127 92 226 267 296 254 204 263 7 209 261 113 273 16 131 9 97 226 150 227 115 230 205 128 126 205 205 182 282 208 21 273 116 204 94 34 198 290 
24 97
84 148
35 106
28 67
88 118
107 131
34 147
40 41
0 5
5 83
6 48
11 14
9 90
69 104
29 68
40 77
27 107
33 38
44 47
10 54
110 141
22 28
8 130
19 139
12 100
13 65
4 96
72 114
51 91
23 109
103 138
35 83
15 25
1 90
99 104
37 129
57 107
76 120
68 116
28 80
14 145
15 110
121 128
5 96
46 134
18 115
38 130
98 144
49 139
50 104
10 31
110 118
15 146
42 100
7 142
81 91
8 107
73 87
19 116
30 125
23 86
103 115
1 67
106 120
33 136
13 78
4 109
72 127
44 145
45 110
2 148
76 97
36 61
14 122
47 70
34 137
46 111
38 107
3 149
42 77
8 84
79 144
39 71
3 5
102 127
62 91
0 116
20 94
13 55
51 81
64 100
16 60
75 146
35 73
17 25
108 143
1 80
53 127
45 123
5 50
46 88
37 119
97 133
57 97
17 61
9 57
50 58
68 106
29 35
14 135
21 31
27 74
18 105
39 48
58 98
98 134
50 94
10 21
2 17
61 103
8 97
0 93
19 106
11 102
39 84
30 115
32 45
23 76
24 41
16 37
41 130
1 57
93 140
53 104
4 99
5 27
10 142
17 38
3 103
9 34
76 87
28 47
14 112
128 134
67 124
6 28
38 97
70 129
3 139
98 111
50 71
49 106
15 113
61 80
47 145
7 109
27 87
0 70
19 83
11 79
30 92
31 57
63 126
82 139
110 121
29 133
75 100
21 129
0 106
1 34
6 149
13 45
105 128
124 141
16 50
84 105
10 119
22 93
33 139
53 117
46 78
37 109
89 119
49 83
109 134
14 125
42 44
26 99
67 137
70 142
30 69
31 34
28 145
101 129
40 119
52 93
112 144
4 53
63 139
23 66
75 113
35 40
72 107
85 126
5 17
37 86
38 51
56 99
10 132
17 28
3 93
22 106
14 102
66 149
97 136
50 61
47 135
48 100
134 140
8 64
59 146
100 147
20 38
12 34
131 134
9 145
123 130
82 129
115 126
48 136
33 93
34 58
6 139
53 71
4 66
24 44
37 63
16 40
2 105
108 123
14 79
25 125
93 143
38 64
24 129
57 77
109 124
26 89
18 85
19 50
11 46
90 110
63 93
77 140
101 119
47 148
0 73
40 109
52 83
112 134
4 43
131 147
23 56
44 79
123 143
10 86
115 139
93 120
20 136
39 149
5 7
38 41
14 92
74 143
7 53
26 66
59 100
18 62
24 142
16 138
50 51
17 103
42 47
47 125
8 54
40 86
100 137
60 64
111 146
9 135
29 113
115 116
21 109
41 87
19 148
93 97
72 74
104 143
10 99
22 73
93 133
13 110
18 39
78 90
51 136
97 103
43 132
89 99
35 128
88 140
8 31
0 27
18 75
100 114
46 143
119 127
5 105
30 49
17 116
77 130
29 90
40 99
60 77
92 146
133 147
12 37
25 56
115 129
22 50
93 110
25 92
12 122
37 66
51 113
35 105
7 43
59 90
78 103
118 139
24 132
11 13
35 141
36 106
9 89
76 142
1 148
8 44
48 80
40 76
100 127
5 118
6 83
4 10
9 125
50 126
42 122
81 113
41 77
34 38
44 82
31 112
10 89
51 90
43 86
62 136
14 59
20 139
32 113
72 149
24 109
70 76
36 83
55 96
107 143
100 104
19 30
46 133
6 60
92 100
69 116
80 125
40 89
60 67
33 50
133 137
30 124
144 146
2 62
22 40
8 142
122 127
14 36
74 87
114 123
85 96
13 77
31 125
23 121
137 143
35 95
15 37
107 120
45 145
70 89
17 83
76 132
69 93
40 66
46 146
10 43
2 39
81 103
20 93
125 146
83 149
3 40
2 75
103 127
22 53
122 140
7 10
4 121
23 134
24 99
64 135
56 131
35 108
22 138
0 7
46 123
11 16
38 119
76 145
77 110
61 102
62 67
8 96
73 76
18 140
19 105
39 83
44 49
83 126
14 26
20 106
106 109
11 137
13 67
24 76
35 85
36 50
95 136
1 92
7 23
87 132
34 126
128 133
45 135
64 148
6 27
17 73
76 122
49 105
28 82
15 112
21 43
40 56
26 121
27 86
38 132
30 91
90 142
62 80
94 112
60 119
20 83
125 136
39 96
31 92
35 62
95 113
114 126
1 69
106 122
44 147
64 125
76 99
3 115
117 137
9 46
109 133
88 110
120 142
5 75
6 40
38 109
57 122
90 119
80 105
8 86
121 143
27 99
0 82
20 60
11 91
71 142
63 138
23 65
110 133
102 129
29 145
75 112
21 141
54 89
60 132
4 88
44 124
72 106
24 66
84 117
43 79
17 27
35 75
116 149
9 23
53 129
5 52
58 64
89 131
22 141
69 73
14 137
15 102
113 116
98 136
30 81
17 148
50 96
20 73
4 65
32 47
83 129
16 39
95 103
41 132
87 99
25 124
44 137
85 138
5 29
45 102
37 98
10 144
46 67
17 40
2 140
49 72
128 136
139 145
67 126
6 30
59 122
38 99
58 77
98 113
47 147
48 112
8 76
0 72
39 63
112 133
102 119
29 135
41 109
1 36
64 92
10 121
124 143
56 88
9 13
22 95
34 106
45 115
6 7
78 112
57 89
14 127
55 128
21 23
7 88
27 66
18 97
78 148
119 149
20 27
111 145
90 122
63 105
10 13
9 134
48 125
54 56
21 108
41 86
52 95
13 24
112 146
44 91
104 142
10 98
43 46
21 144
44 127
64 105
56 101
17 30
138 140
3 95
67 116
19 39
79 90
70 121
89 134
17 115
50 63
19 75
39 53
92 145
6 105
4 32
63 118
23 45
123 132
75 92
21 121
81 135
1 26
73 131
13 37
72 86
45 69
44 104
64 82
56 78
127 138
15 46
34 96
93 145
67 93
86 106
18 51
37 101
16 127
55 118
47 114
8 43
100 126
79 103
11 48
12 13
82 108
9 124
28 137
69 138
40 111
1 3
12 49
52 85
4 45
54 131
33 108
34 73
74 109
85 118
78 79
2 120
22 98
14 94
55 95
1 124
13 135
99 138
18 64
78 115
11 25
17 105
63 72
42 49
55 131
9 101
28 114
11 61
23 35
50 138
10 65
42 134
21 111
61 147
33 85
74 86
25 81
39 128
44 94
11 146
137 142
54 144
14 71
15 36
74 122
95 145
12 147
86 96
126 132
32 125
78 92
51 138
97 105
70 88
43 134
13 112
55 108
96 146
88 142
48 69
0 29
5 107
92 112
6 72
38 141
71 89
30 51
21 88
80 137
40 101
60 79
30 136
115 131
81 138
122 139
73 134
74 99
85 108
32 102
51 115
43 111
3 75
55 85
1 114
7 45
8 10
67 96
47 81
0 6
18 54
70 101
16 130
57 131
77 109
29 69
21 65
80 114
40 78
41 43
6 85
77 145
61 137
0 127
74 76
19 140
20 105
39 118
37 45
51 92
84 126
103 139
107 109
59 69
32 115
78 82
23 146
43 124
16 107
29 46
5 97
6 62
9 104
7 143
41 56
27 121
33 52
39 95
44 61
144 148
2 64
22 42
54 111
31 127
4 110
137 145
51 105
16 84
96 113
15 39
1 104
28 58
16 120
58 86
76 134
28 94
129 146
46 148
50 118
10 45
42 114
2 41
20 95
25 61
11 126
30 139
4 87
84 116
43 78
47 48
106 134
12 127
25 146
45 124
117 149
22 140
88 122
80 81
40 45
0 9
77 112
62 69
8 98
26 146
0 94
18 142
33 42
31 81
10 58
51 59
110 145
83 128
75 124
8 134
95 102
0 130
74 79
87 98
43 91
10 143
76 88
1 94
128 135
34 128
99 108
37 133
65 115
56 146
58 76
77 89
9 71
69 85
29 49
129 136
61 81
21 45
7 110
6 65
79 135
39 62
98 148
91 109
10 35
62 82
7 146
48 147
40 143
51 72
95 115
87 111
33 140
25 136
44 149
57 88
76 101
117 139
9 48
28 61
21 22
120 144
67 138
46 115
82 117
15 127
101 130
27 101
19 97
20 62
25 28
11 93
79 148
39 75
31 71
102 131
75 114
33 117
53 95
32 72
72 108
105 142
65 69
35 77
76 78
108 147
47 51
45 127
58 66
98 102
50 62
109 148
15 104
21 35
121 122
71 121
31 48
42 94
102 108
60 111
52 107
72 85
64 81
84 96
43 58
10 110
116 128
93 144
44 139
64 117
17 42
15 81
18 86
98 115
50 75
82 107
61 84
47 149
0 74
112 135
63 130
91 112
29 137
94 117
21 133
13 49
44 116
64 94
124 145
10 123
3 84
26 67
3 120
15 94
47 126
59 137
100 138
20 29
39 42
82 120
29 114
40 123
6 130
52 97
12 61
13 26
32 39
35 44
116 118
108 114
54 143
33 120
74 121
25 116
38 55
22 110
55 107
86 131
13 147
78 127
119 128
70 123
30 50
36 130
42 61
9 113
28 126
20 42
5 142
60 78
12 38
23 47
115 130
34 62
93 111
53 75
45 71
10 113
2 109
3 74
116 131
74 134
67 95
126 144
13 124
32 137
86 108
78 104
97 117
43 146
89 113
48 81
18 89
5 119
92 124
79 105
111 137
58 131
23 24
63 97
29 104
1 5
27 143
33 74
112 138
4 47
2 86
3 51
54 133
14 60
20 140
93 124
85 120
46 49
5 11
78 81
57 58
35 119
96 135
8 22
107 144
26 70
0 18
18 66
27 35
24 146
65 147
30 40
71 78
57 143
17 107
21 77
40 90
5 132
6 97
52 64
23 37
50 140
42 136
2 63
21 113
61 149
73 123
34 52
53 65
11 148
39 130
145 148
2 99
3 64
22 77
15 38
66 120
118 130
24 123
16 119
89 103
76 133
55 110
1 139
17 120
58 121
77 134
29 94
81 104
52 77
44 73
125 147
104 124
30 138
10 80
62 127
22 54
54 123
14 50
106 133
13 91
4 122
24 100
35 109
15 51
55 87
1 116
8 12
0 8
59 94
19 21
46 124
65 137
76 146
36 110
68 142
15 136
6 87
58 134
50 130
10 57
62 104
54 100
73 113
0 129
20 107
45 51
32 81
43 90
84 128
35 86
7 24
106 146
26 37
59 71
99 107
64 149
1 129
129 135
132 140
92 104
11 30
111 117
57 146
58 111
80 129
8 110
141 145
33 54
125 137
10 70
2 66
8 146
122 131
95 114
0 142
114 127
12 116
72 130
23 125
64 126
35 99
36 64
87 146
47 73
88 111
1 106
45 149
6 41
65 127
57 123
58 88
77 101
40 70
121 144
113 140
18 131
50 120
110 134
61 129
102 130
94 126
14 17
12 93
13 58
30 141
84 118
114 140
87 123
7 14
34 117
25 148
59 61
4 125
64 139
36 77
22 142
109 147
68 109
28 73
80 83
5 89
98 137
2 20
15 139
62 71
26 148
27 113
19 109
125 127
84 95
35 53
1 60
33 129
53 107
72 120
44 138
65 81
17 41
117 128
136 141
96 105
99 110
86 140
6 31
65 117
68 122
61 83
132 143
79 137
30 95
31 60
90 146
10 37
42 106
62 84
8 113
94 116
54 80
0 109
20 87
11 118
52 119
12 83
31 96
4 79
124 144
95 117
1 73
87 113
33 142
34 107
64 129
65 94
56 125
76 103
14 128
21 24
7 89
18 98
58 91
10 14
27 103
18 134
60 100
39 77
71 146
13 25
63 142
91 124
84 85
29 149
75 116
41 123
60 136
33 119
44 128
57 67
17 31
76 80
109 114
34 120
26 79
67 117
46 94
38 90
57 103
89 135
90 100
77 81
69 77
61 73
7 102
47 138
8 67
113 120
27 80
0 63
20 41
90 136
63 119
54 70
21 122
0 99
94 106
52 109
13 38
24 47
105 121
84 98
16 43
2 108
135 143
53 110
45 106
5 33
46 71
86 107
10 148
56 115
38 67
37 102
43 145
76 93
109 127
68 89
14 118
15 83
7 79
26 92
67 130
78 139
79 104
70 135
71 100
8 80
20 54
11 85
31 63
63 132
83 110
123 146
16 20
53 87
25 105
10 125
49 53
108 139
22 99
15 60
74 146
27 34
86 120
13 136
32 149
38 80
59 103
24 145
70 112
50 54
36 119
27 70
12 27
83 87
40 125
41 90
81 126
6 132
52 99
72 77
105 111
24 37
10 102
16 33
62 149
22 76
108 116
54 145
127 129
74 123
66 119
12 148
85 132
46 61
32 126
43 135
89 102
130 140
68 79
35 131
1 138
8 34
27 47
0 30
59 116
18 78
13 149
111 126
36 132
9 115
134 146
12 40
52 76
44 72
4 36
42 148
54 122
34 64
45 73
105 124
2 111
108 129
15 50
86 110
32 139
70 102
43 148
17 96
35 144
36 109
8 47
100 130
52 53
17 132
58 133
63 99
50 129
69 142
21 102
40 115
41 80
60 93
34 41
44 85
104 136
37 46
10 92
2 88
3 53
103 140
14 62
73 148
114 149
74 113
67 74
85 122
86 87
32 116
4 134
38 47
78 83
89 92
55 99
88 133
13 139
18 68
59 106
19 33
119 120
5 98
70 115
71 80
30 42
17 109
63 76
28 118
69 119
40 92
80 128
60 70
5 134
33 53
25 49
144 149
22 43
81 129
14 39
93 103
66 86
20 119
37 59
51 106
23 124
137 146
3 66
95 149
67 87
126 136
4 147
78 96
32 129
70 92
65 126
130 143
89 105
9 82
68 131
29 60
48 73
21 56
46 149
92 116
111 129
58 123
77 136
69 132
29 96
21 92
62 93
61 128
27 135
73 102
25 62
30 140
31 105
10 82
3 43
54 125
14 52
106 135
12 128
32 106
4 124
23 137
43 115
16 98
96 127
28 72
88 123
7 49
118 145
46 126
11 19
65 139
38 122
58 100
76 148
61 105
21 69
73 79
92 129
25 39
4 16
91 133
110 146
2 55
22 33
27 148
34 44
19 144
39 122
11 140
31 118
37 49
32 83
23 114
7 26
13 106
99 109
4 137
59 73
53 142
37 134
56 147
17 76
57 112
3 141
129 137
21 46
26 124
46 139
92 106
111 119
50 109
10 36
69 122
7 147
0 108
11 117
30 130
32 60
91 146
75 138
35 65
54 115
20 122
106 125
66 89
12 118
13 83
17 53
117 140
9 49
128 149
34 142
120 145
6 43
65 129
50 86
29 63
42 82
25 29
79 149
71 145
91 123
42 118
29 148
22 23
94 128
12 95
13 60
31 108
4 91
36 43
34 119
53 132
46 93
64 141
76 115
49 98
22 144
28 75
69 76
80 85
27 79
38 125
98 139
30 84
50 99
82 131
2 22
48 138
25 42
20 76
30 120
23 81
24 46
83 132
43 59
84 97
75 128
95 106
45 105
65 83
56 114
2 143
36 56
9 39
136 143
109 126
117 130
14 117
88 103
37 137
38 102
50 76
68 124
27 92
0 75
20 53
10 39
82 144
102 122
29 138
75 105
12 85
52 121
53 86
32 63
105 133
43 72
75 141
46 83
65 96
38 79
9 52
68 101
29 30
61 62
67 142
19 65
71 112
90 125
62 63
7 127
48 128
54 59
12 62
13 27
51 53
83 122
75 118
21 147
127 128
33 121
93 135
13 63
5 22
105 146
16 68
3 98
128 129
14 107
120 125
86 132
38 92
98 106
89 137
49 101
36 131
82 98
101 111
47 140
7 104
19 78
79 129
5 143
12 39
83 99
48 141
94 108
40 137
4 71
24 49
116 132
108 128
5 35
97 118
27 59
79 106
90 115
28 140
0 78
40 114
41 79
20 56
52 88
13 17
23 61
123 148
29 141
46 50
10 127
49 55
9 19
67 109
13 138
6 13
86 122
79 83
97 131
42 52
20 33
6 98
92 138
30 77
112 116
11 64
63 111
9 140
123 125
75 85
115 121
21 114
81 128
33 88
6 134
44 97
4 61
37 58
10 104
22 78
127 131
67 86
126 135
5 25
4 146
46 63
78 95
51 141
38 59
3 101
130 142
24 124
35 133
36 98
15 75
1 140
8 36
0 32
11 41
36 134
77 135
82 101
9 117
80 140
0 68
40 104
5 146
104 125
22 55
122 142
74 102
53 79
25 97
85 111
3 78
22 91
96 126
15 52
1 117
7 48
126 148
59 95
32 141
18 57
99 131
70 104
16 133
36 111
29 72
47 120
48 85
20 23
5 123
92 128
12 19
31 32
77 148
50 131
1 9
33 78
73 114
52 91
44 87
39 121
56 61
14 64
95 138
20 144
7 25
18 34
4 136
59 72
23 149
38 49
24 114
32 118
78 85
55 101
107 148
0 22
59 108
19 35
100 109
5 100
92 105
11 31
49 143
29 85
48 98
21 81
80 130
40 94
81 95
92 141
112 119
4 28
115 124
2 67
62 118
22 45
8 147
0 143
114 128
25 87
66 88
12 117
4 113
37 61
137 148
51 108
3 68
55 78
47 74
34 141
36 101
47 110
21 58
80 107
26 136
6 78
77 138
50 121
61 130
62 95
25 64
39 111
10 84
84 119
43 81
3 45
14 54
87 124
12 130
4 126
72 144
17 65
96 129
8 16
92 95
11 21
17 101
77 115
62 72
41 49
27 114
18 145
19 110
125 128
30 119
50 134
10 61
110 148
83 131
94 140
73 117
72 121
137 138
84 132
35 90
1 97
88 102
107 115
126 128
13 108
56 149
57 114
9 74
68 123
121 135
113 131
46 141
5 103
79 138
58 115
90 147
69 124
110 125
8 114
25 54
125 141
30 132
32 62
84 109
14 44
95 118
114 131
41 147
12 120
13 85
72 134
45 117
117 142
36 68
22 133
34 144
120 147
21 25
38 114
58 92
15 130
101 133
7 126
8 91
18 135
25 31
30 109
31 74
10 51
102 134
20 101
52 133
32 75
43 84
16 67
84 122
55 58
1 87
34 121
45 130
64 143
56 139
17 68
68 113
29 42
69 78
61 74
21 38
19 77
71 124
101 146
7 139
27 117
19 113
12 74
13 39
4 70
91 138
24 48
16 44
143 148
94 143
41 137
34 98
52 146
4 106
46 72
10 149
9 41
22 123
109 128
68 90
34 134
5 70
70 136
49 113
15 120
71 137
82 146
2 37
1 41
33 110
105 135
116 144
9 18
108 140
22 100
34 111
74 147
5 47
86 121
6 12
38 81
56 129
50 55
14 132
55 133
7 93
67 144
26 106
18 102
79 118
39 45
70 149
31 41
90 127
54 61
40 126
13 29
31 77
23 73
64 74
104 147
43 51
75 120
87 94
85 133
2 135
49 67
28 44
120 127
27 48
6 25
58 72
30 53
71 91
90 104
36 133
42 64
55 146
61 77
101 113
7 106
82 100
0 67
39 58
30 89
4 37
63 123
23 50
82 136
115 133
48 143
40 139
81 140
53 78
13 42
16 47
56 83
14 86
5 37
37 106
78 107
70 103
3 113
49 80
15 87
7 83
59 130
18 92
19 57
78 143
12 18
71 104
111 140
90 117
36 146
77 147
2 4
29 107
40 116
33 77
12 54
53 55
44 86
104 137
33 113
93 127
85 123
38 48
3 90
9 21
68 70
14 99
15 64
55 100
8 25
66 146
13 140
86 124
19 34
79 85
16 145
90 94
36 123
101 103
28 119
8 61
31 44
58 147
75 87
22 80
15 41
67 88
126 137
59 84
32 130
78 97
51 143
70 93
35 135
15 77
47 109
59 120
100 121
5 112
79 98
71 94
28 132
48 110
21 93
40 106
112 131
44 76
4 40
2 79
81 143
14 53
25 99
66 100
39 146
20 133
85 113
24 103
43 116
14 89
47 86
0 11
11 20
24 139
16 135
63 67
76 149
68 145
47 122
60 61
52 57
44 53
58 137
10 60
41 84
8 136
74 81
53 58
25 76
39 123
45 54
85 90
23 115
51 97
43 93
108 110
54 139
95 140
14 66
74 117
7 27
106 149
66 113
4 138
24 116
89 96
96 141
0 24
46 140
92 107
6 67
71 84
49 145
61 119
141 148
19 122
25 53
52 70
44 66
3 34
62 120
54 116
74 94
66 90
106 126
55 80
15 44
47 76
67 91
99 123
18 49
46 117
16 125
76 139
9 86
36 103
28 99
15 129
121 147
113 143
33 34
92 120
38 149
10 50
61 132
14 20
39 113
31 109
23 105
3 47
35 79
14 56
95 130
1 86
7 17
67 68
99 100
4 128
56 138
17 67
36 80
29 41
47 89
48 54
5 92
132 133
46 130
38 126
92 97
49 135
61 109
80 122
7 138
25 43
39 90
83 133
2 59
22 37
94 142
95 107
66 80
43 96
84 134
17 44
55 70
96 108
87 139
128 140
34 133
107 117
3 145
129 141
121 137
6 70
91 114
82 145
61 122
102 123
81 100
54 83
94 119
27 129
0 112
19 125
39 103
30 134
4 82
3 37
16 56
41 149
34 110
25 141
53 123
4 118
14 131
26 105
98 130
70 148
90 126
62 64
80 112
54 60
113 146
33 37
19 102
11 98
32 41
110 140
83 123
43 50
75 119
35 46
60 139
33 122
44 131
24 73
65 74
64 109
35 82
96 98
1 89
47 56
38 93
56 141
42 63
15 109
61 76
26 118
113 123
18 114
98 143
31 53
110 117
101 148
102 113
8 106
40 138
11 111
13 41
31 89
23 85
24 50
124 137
75 132
35 59
87 106
106 119
34 100
25 131
72 126
45 109
44 144
64 122
85 145
76 96
3 112
22 125
136 147
14 121
27 60
86 146
70 138
58 84
82 112
101 125
7 118
113 136
19 92
39 70
11 88
30 101
63 135
24 27
3 4
115 145
35 36
94 122
1 43
60 129
52 125
53 90
105 137
2 124
36 37
108 142
68 69
14 98
34 113
66 145
86 123
6 14
5 49
38 83
58 61
3 125
101 102
7 95
8 60
67 146
0 56
39 47
71 116
63 112
23 39
9 141
83 90
91 94
102 103
21 115
41 93
124 127
75 122
116 123
35 49
135 136
108 119
41 129
53 103
93 139
56 108
2 137
43 138
76 86
14 111
15 76
67 123
27 50
86 136
18 81
79 97
50 70
28 131
11 78
52 79
115 135
75 99
1 33
6 148
37 72
22 92
15 53
66 135
13 129
59 96
46 77
24 138
36 112
42 43
0 46
20 24
5 124
11 55
12 20
71 106
9 131
28 144
29 109
48 122
40 118
60 96
33 79
13 21
53 57
45 53
10 95
54 138
14 65
20 145
66 112
86 90
32 119
37 85
97 99
2 127
49 59
130 133
35 124
1 131
8 27
67 113
19 36
78 122
119 123
55 138
142 143
47 134
8 63
41 60
20 37
12 33
131 133
58 149
75 89
115 125
21 118
74 93
39 135
64 79
31 131
10 108
56 75
137 149
22 82
26 52
43 141
16 124
35 137
1 144
48 76
8 40
100 123
92 119
111 132
30 58
58 126
63 92
29 99
80 144
41 73
60 86
44 78
10 85
54 128
74 106
85 115
31 144
37 75
32 109
3 82
96 130
47 88
27 30
0 13
99 135
59 99
19 26
11 22
30 35
63 69
69 112
48 89
40 85
41 50
100 136
33 46
5 127
10 62
69 148
2 58
62 109
122 123
54 105
73 118
0 134
19 147
20 112
66 79
12 108
84 133
3 59
103 146
35 91
66 115
67 80
26 42
13 109
99 112
130 136
17 79
36 92
96 143
40 62
77 129
49 147
29 89
42 108
21 85
62 86
133 146
44 68
39 102
83 145
62 122
22 49
54 118
106 128
4 117
24 95
47 78
59 89
99 125
49 124
68 137
29 66
48 79
40 75
27 105
92 122
25 32
44 45
58 129
30 110
94 131
20 102
66 69
30 146
32 76
51 89
24 72
114 145
1 88
7 19
45 131
64 144
37 127
56 140
17 69
76 118
9 65
77 83
68 114
47 91
100 103
5 94
10 29
69 115
27 118
33 49
18 149
73 85
20 79
39 92
30 123
32 53
83 135
75 131
143 149
22 39
106 118
12 111
22 124
136 146
96 110
47 68
88 106
107 119
120 138
1 101
53 148
46 109
65 122
38 105
57 118
76 131
29 56
129 143
30 100
50 115
10 42
91 116
2 38
62 89
8 118
20 92
52 124
13 53
72 102
32 66
4 84
84 113
35 71
64 134
16 94
17 59
58 60
117 146
76 108
28 68
29 33
15 98
6 49
18 103
38 118
58 96
98 132
90 128
82 124
2 15
61 101
54 62
113 148
73 75
25 35
91 129
51 56
84 90
60 141
25 120
24 75
65 76
10 140
56 107
9 32
109 119
1 91
88 96
139 141
6 26
57 108
49 104
68 117
15 111
8 72
113 125
18 116
79 132
39 59
71 128
30 90
82 137
83 102
29 131
54 75
40 140
12 78
44 110
4 74
75 134
108 131
41 141
44 146
85 147
97 121
76 98
117 136
15 88
120 141
7 84
18 93
38 108
70 140
101 127
7 120
20 59
11 90
12 55
39 72
112 142
24 29
46 53
5 15
37 84
10 130
56 97
15 65
66 147
5 51
97 134
70 117
50 59
42 55
55 137
7 97
134 138
26 110
0 58
59 144
11 67
63 114
23 41
29 121
40 130
45 65
24 42
22 81
33 127
74 128
34 92
93 141
46 66
5 28
65 79
32 131
97 111
138 149
43 140
9 35
1 143
120 131
8 39
7 74
27 52
86 138
11 44
98 112
82 104
101 117
28 133
48 111
40 107
12 45
123 141
62 131
73 140
52 117
53 82
44 113
85 114
105 129
56 87
15 55
74 141
7 51
66 137
27 29
86 115
38 75
47 123
8 52
0 48
60 62
92 131
11 57
71 108
111 144
23 31
104 105
48 124
41 85
81 121
6 127
34 46
13 23
4 54
104 141
105 106
2 93
62 144
14 67
34 82
66 114
5 18
37 87
78 88
43 130
36 91
55 104
1 133
7 64
27 42
70 120
30 47
63 81
77 128
82 94
134 141
0 61
41 62
100 148
141 149
5 139
52 71
12 35
10 74
2 70
53 72
66 91
51 111
15 45
107 128
13 121
18 50
59 88
78 101
70 97
89 110
17 91
28 100
47 113
8 42
6 81
17 127
63 94
9 123
21 97
27 140
39 114
37 41
10 87
3 48
103 135
22 61
12 133
13 98
31 146
4 129
55 94
28 77
1 123
7 54
8 19
18 63
100 102
5 93
46 131
17 104
77 118
48 91
15 143
21 74
5 129
6 94
133 135
25 44
58 141
10 64
115 117
102 147
81 124
54 107
14 34
0 136
74 85
66 81
12 110
37 54
51 101
24 84
84 135
103 148
14 70
1 100
88 105
67 82
53 147
18 40
17 81
36 94
28 90
29 55
21 51
0 28
40 64
77 131
50 114
49 149
42 110
8 117
27 130
73 97
125 144
39 104
51 78
2 73
103 125
0 149
