40
300
41 64 27 42 6 37 52 44 55 28 53 36 22 79 25 28 36 67 62 56 30 61 42 9 5 6 9 19 69 10 67 57 76 27 76 15 28 12 48 3 
10 34
33 36
15 30
25 32
26 30
7 26
26 39
2 39
7 35
29 32
5 10
8 9
20 29
23 25
3 22
31 38
5 19
17 21
12 34
23 34
11 14
2 11
5 28
4 30
0 23
5 37
9 35
13 17
6 11
10 27
1 24
13 26
7 10
19 39
7 19
24 35
15 32
2 32
25 34
18 28
10 36
8 39
1 33
3 6
7 37
20 22
14 15
5 12
8 11
12 27
0 7
9 10
14 24
2 4
5 21
11 16
14 33
9 19
9 28
27 36
6 13
13 28
1 26
2 25
16 24
13 37
24 37
1 35
16 33
7 30
35 37
20 24
38 39
3 17
12 20
22 30
21 32
12 29
0 9
9 21
23 38
3 35
1 10
8 25
10 22
16 17
30 34
1 28
13 30
25 29
24 30
11 39
0 39
2 36
6 27
3 10
12 22
3 19
20 35
22 32
0 2
23 31
14 28
31 35
3 28
3 37
1 3
19 27
28 39
16 19
19 36
30 36
0 32
1 30
11 32
1 39
12 15
20 28
4 11
12 25
12 24
6 38
31 37
5 18
9 16
3 30
14 30
34 39
8 20
27 33
10 17
2 13
17 32
8 29
0 25
19 38
16 21
9 37
33 37
25 33
0 34
20 21
26 34
29 33
5 11
14 23
4 22
18 39
12 35
21 38
17 25
19 22
13 18
30 31
8 31
1 25
0 27
0 36
11 36
2 33
32 34
26 27
3 7
35 39
26 36
14 16
5 13
18 32
21 22
31 32
3 25
12 37
23 37
4 33
10 12
27 28
19 24
8 24
11 20
2 17
11 29
32 36
6 17
26 29
21 24
26 38
3 18
12 21
7 34
15 38
14 18
16 37
1 2
34 36
1 11
11 13
0 13
19 26
27 30
27 39
11 22
17 38
9 25
30 35
0 22
2 19
9 34
6 10
8 35
15 22
6 19
34 35
4 19
21 35
7 36
1 4
34 38
22 36
8 19
0 15
2 12
17 31
5 29
8 28
0 24
5 38
30 37
9 36
11 33
6 12
6 21
7 20
24 36
26 33
6 30
13 36
4 12
1 34
7 29
6 39
22 29
0 8
2 5
19 21
17 24
36 37
0 17
5 31
28 33
19 30
9 29
11 26
2 23
9 38
13 20
15 17
13 29
15 26
4 5
15 35
18 31
0 1
5 15
14 27
2 7
8 23
5 24
17 26
3 36
5 33
36 39
0 19
9 31
0 28
6 16
16 18
13 31
15 28
24 31
16 27
4 7
18 24
26 37
16 36
14 20
31 36
22 33
17 19
12 32
23 32
29 39
19 25
10 13
9 24
14 38
2 18
0 21
3 29
9 33
13 24
