25
100
19 38 26 38 41 37 34 21 33 24 49 18 4 31 1 38 10 7 46 38 43 1 15 12 46 
6 18
7 17
4 9
14 22
8 18
1 15
6 11
16 22
5 12
0 7
2 4
5 21
3 24
7 12
16 24
18 21
3 8
3 17
14 17
1 10
13 21
7 14
7 23
12 13
5 7
22 23
3 19
4 18
9 14
1 3
7 16
12 15
12 24
14 21
23 24
9 16
8 20
1 14
13 16
2 13
6 22
14 23
8 13
1 7
10 19
13 18
20 23
4 6
3 16
5 13
4 15
8 15
10 12
0 11
8 24
10 21
19 24
0 20
15 20
6 17
5 6
21 24
10 14
1 11
0 13
2 19
12 14
8 10
0 6
11 15
0 15
15 24
6 21
7 20
12 16
4 21
8 12
8 21
9 20
11 17
2 14
13 20
7 13
6 23
4 5
18 22
4 14
8 14
9 13
11 19
18 24
5 8
0 3
8 16
9 15
11 12
2 9
0 12
11 21
1 22
