30
300
29 36 10 38 14 44 36 51 43 19 20 27 50 47 20 32 41 40 10 36 31 16 21 39 9 35 51 50 19 5 
15 21
6 18
16 20
7 17
16 29
7 26
4 9
18 26
3 13
20 29
8 9
23 25
3 22
0 5
12 25
14 22
0 14
2 11
5 28
0 23
11 23
13 17
1 15
6 11
24 26
15 23
6 20
13 26
18 19
1 24
7 19
16 22
7 28
12 18
14 15
5 12
22 28
8 11
9 10
3 24
17 23
4 23
2 4
5 21
0 16
12 27
8 16
0 13
9 28
1 8
1 17
13 19
6 13
15 16
7 12
13 28
15 25
2 25
16 24
3 8
20 24
12 20
3 17
5 14
23 29
9 12
5 23
14 26
1 10
8 25
10 22
15 18
16 17
7 14
2 27
16 26
25 29
7 23
3 10
5 7
20 26
22 23
12 22
14 19
5 16
0 2
4 18
9 14
14 28
5 25
3 28
1 3
13 14
1 12
8 27
13 23
1 21
2 20
16 19
7 16
2 29
16 28
12 15
6 29
5 9
22 25
21 27
23 24
12 24
3 21
5 18
14 21
9 16
19 20
8 29
24 25
1 23
11 25
16 21
6 22
20 21
12 17
3 14
5 11
4 13
21 29
23 26
14 23
12 26
4 22
8 13
1 7
2 6
8 22
10 19
1 16
13 18
2 15
0 18
17 25
7 11
11 27
25 26
6 15
26 27
3 7
6 24
15 27
21 22
12 19
3 16
14 16
4 15
23 28
3 25
14 25
17 18
8 15
10 12
27 28
0 11
17 27
19 24
10 21
1 18
11 20
2 8
0 20
11 29
25 28
0 29
15 20
26 29
6 26
15 29
18 25
21 24
12 21
14 18
3 18
4 17
3 9
3 12
4 26
1 2
17 20
8 17
10 14
11 13
17 29
19 26
10 23
9 25
0 22
11 22
2 19
2 10
8 26
2 28
6 10
13 25
6 19
7 18
3 11
7 27
21 26
18 27
12 23
4 19
4 28
8 10
17 22
8 19
2 3
1 13
0 15
11 15
19 28
8 28
10 25
11 24
2 21
9 18
2 12
6 12
13 27
3 4
6 21
7 20
12 16
21 28
4 21
22 29
1 6
0 8
5 22
8 21
2 5
9 20
11 17
2 14
17 24
0 17
9 29
0 26
11 26
2 23
13 20
6 14
7 13
1 27
24 29
13 29
16 25
4 5
15 26
7 22
6 23
4 14
0 1
8 14
10 11
0 10
3 27
14 27
2 7
5 24
8 23
2 16
0 28
15 19
6 16
16 18
7 15
1 29
26 28
15 28
6 25
7 24
4 7
4 16
5 8
22 24
3 20
17 19
5 17
10 13
9 15
3 29
17 28
11 12
19 25
9 24
5 26
2 18
2 9
14 29
11 21
13 15
1 22
