50
500
75 14 41 68 46 72 46 76 50 6 28 63 93 91 70 55 49 56 92 21 54 16 16 78 27 59 50 81 100 61 60 45 55 50 78 26 79 76 73 68 40 41 98 92 38 65 45 62 92 15 
15 30
26 30
18 26
26 39
18 35
8 9
29 41
0 5
8 18
0 14
21 46
11 23
25 34
10 45
33 47
44 47
3 6
3 15
3 24
14 24
22 37
3 33
22 46
3 42
15 16
36 48
7 21
6 43
0 9
21 41
10 31
2 27
25 38
2 36
10 49
2 45
3 19
22 32
14 37
5 46
28 48
9 44
29 31
21 27
6 38
21 36
21 45
2 22
10 35
2 31
10 44
32 41
3 5
22 27
14 23
3 23
36 38
28 34
17 34
36 47
17 43
5 41
21 22
6 33
40 44
29 44
6 42
21 40
39 48
2 17
25 28
2 26
32 36
13 32
32 45
43 45
35 41
13 41
16 37
16 46
9 25
5 36
17 47
6 10
6 28
21 35
39 43
10 16
20 48
2 21
4 49
3 4
1 34
35 45
13 45
1 43
5 22
36 37
5 31
28 33
9 29
17 42
9 38
6 23
20 34
39 47
10 11
31 43
20 43
12 48
23 48
4 44
13 22
16 18
13 31
35 40
16 36
24 49
35 49
1 47
5 8
17 19
5 17
17 28
9 24
28 37
5 44
6 9
30 46
42 48
20 29
12 25
31 47
20 47
4 30
4 39
1 15
4 48
24 26
1 33
13 35
35 44
1 42
16 40
9 10
17 23
9 19
27 36
42 43
30 41
8 41
11 37
0 37
11 46
12 29
20 42
4 25
31 42
23 47
4 43
24 30
1 37
16 35
1 46
5 7
27 31
8 27
11 32
42 47
39 41
4 29
12 42
13 16
4 47
45 48
1 23
16 21
16 30
26 34
26 43
7 39
8 13
8 22
0 18
8 31
30 31
27 44
0 27
30 40
4 6
12 19
20 32
4 15
12 28
23 37
4 33
34 43
1 18
37 39
3 46
26 29
5 6
7 25
26 38
38 40
15 47
26 47
38 49
7 43
8 17
0 13
11 13
8 26
0 22
8 35
11 49
12 14
44 46
4 10
33 46
4 19
4 28
34 38
22 36
1 13
3 41
18 20
7 29
15 42
7 38
0 8
0 17
19 30
8 30
0 35
4 5
33 41
25 46
22 31
14 27
22 40
37 38
14 36
22 49
15 19
26 28
18 33
7 33
29 39
0 3
29 48
19 25
10 34
33 36
25 32
33 45
4 9
10 43
3 13
3 31
22 44
14 40
37 42
36 46
7 10
15 23
7 19
18 28
7 37
8 11
40 43
6 41
29 43
11 16
0 16
21 48
2 25
14 17
3 17
3 26
14 35
28 46
6 27
21 34
21 43
10 15
33 35
25 31
2 38
2 47
32 48
28 32
36 45
17 41
9 37
9 46
6 22
29 33
29 42
40 42
21 38
21 47
2 15
10 28
2 24
25 26
2 33
32 43
13 39
35 39
14 25
16 44
17 18
36 40
28 36
47 49
28 45
6 17
6 35
21 33
10 14
31 46
2 19
10 32
2 28
13 25
32 38
32 47
43 47
24 43
35 43
16 48
17 22
9 18
5 29
36 44
9 27
28 40
17 40
5 38
9 36
28 49
5 47
39 45
12 46
4 42
24 29
1 27
32 42
16 25
13 38
1 36
16 34
35 47
16 43
9 13
5 24
17 35
9 31
6 7
6 16
42 46
21 23
20 36
39 49
23 32
12 32
10 13
2 18
4 37
1 22
16 20
13 33
16 29
35 42
24 42
13 42
16 38
1 49
5 10
38 44
17 30
28 30
9 26
5 37
27 34
27 43
6 20
8 48
30 48
11 44
20 22
20 31
12 27
31 40
20 40
20 49
4 32
31 49
12 45
1 26
24 28
16 24
13 37
35 37
16 33
1 44
16 42
5 14
38 48
5 23
8 25
30 34
19 34
42 45
0 39
12 22
31 44
20 44
4 27
23 49
4 45
45 46
16 28
1 39
26 41
18 46
27 33
27 42
11 25
8 38
11 34
11 43
20 21
12 17
4 13
4 22
1 7
34 41
22 48
1 25
37 46
15 27
26 27
18 32
15 45
7 41
27 28
8 24
19 24
11 20
30 33
8 33
30 42
11 38
0 47
41 48
20 25
12 21
23 30
4 26
1 2
22 43
26 40
15 40
26 49
7 45
8 10
18 45
0 6
8 19
27 32
19 28
8 28
30 37
11 42
0 42
12 16
4 12
3 34
14 34
14 43
15 35
7 31
18 31
15 44
18 49
8 23
19 23
0 28
11 28
33 34
25 30
25 39
14 20
22 33
22 42
14 38
14 47
7 8
